node_id	node_id
2	3
4	5
5	386
7	8
8	86
9	10
10	33
11	12
12	256
14	10
14	15
16	17
17	21
17	128
19	15
20	21
21	195
22	23
23	115
23	128
24	25
26	27
26	28
26	29
27	38
27	49
27	142
27	143
28	29
30	27
32	17
32	33
33	38
34	35
34	36
35	141
35	190
35	538
36	35
37	38
37	39
37	40
37	41
37	42
37	43
39	38
40	17
41	43
44	45
45	15
45	128
47	5
48	49
48	50
48	51
48	52
49	143
50	52
53	8
54	15
54	381
55	56
56	125
57	58
57	59
60	61
60	62
62	240
63	64
63	65
66	67
68	69
70	42
70	71
71	25
72	15
74	27
74	52
75	10
75	76
76	299
76	300
77	78
77	79
77	80
78	122
79	78
81	15
81	82
82	15
82	92
83	84
84	255
85	86
87	84
88	89
90	15
90	91
90	92
91	15
91	76
91	92
91	107
92	300
92	307
93	17
94	80
96	97
97	176
97	177
98	92
98	99
98	100
98	101
100	92
101	33
101	49
102	15
102	76
103	64
103	104
103	105
104	115
105	128
106	15
106	76
106	92
106	107
109	110
111	112
113	16
113	65
114	59
116	10
117	118
119	43
119	120
121	122
123	15
123	76
123	92
123	107
124	23
124	120
125	369
126	56
127	128
127	129
128	21
128	195
129	21
130	131
130	132
131	15
131	76
131	91
131	92
131	143
132	15
133	15
133	100
133	134
134	15
134	100
135	122
136	89
136	137
138	139
140	141
144	424
145	15
145	92
145	131
147	54
147	148
148	43
148	395
149	39
149	41
149	150
152	153
153	10
153	32
153	73
153	230
154	155
155	128
156	134
157	140
158	159
160	15
160	51
160	91
160	101
160	132
160	161
160	162
161	255
162	15
163	164
165	129
166	167
166	168
167	168
169	120
170	27
170	142
170	171
171	49
172	39
172	115
172	128
173	49
173	174
174	101
174	439
175	97
175	176
175	177
176	97
179	180
181	45
182	38
182	49
182	142
182	143
183	15
183	38
184	51
185	49
185	174
186	187
187	122
189	35
189	141
189	190
189	191
190	141
191	38
192	51
193	46
194	15
194	76
194	92
194	107
195	821
196	15
196	65
196	91
197	198
199	200
201	202
202	285
203	15
203	142
203	162
204	32
204	64
204	115
205	206
208	76
208	209
210	167
211	6
211	40
211	42
212	213
214	215
216	15
216	92
217	84
218	52
218	219
218	220
220	219
221	176
221	177
222	223
223	84
224	43
224	225
225	278
226	141
226	190
227	15
227	91
227	92
227	134
228	229
230	23
230	39
230	115
230	122
230	128
232	10
232	153
232	233
233	10
233	15
234	235
234	236
238	33
238	49
238	143
239	240
241	10
241	16
241	32
241	43
241	64
241	150
241	242
243	219
244	245
246	32
247	236
248	142
249	146
250	251
251	40
251	41
251	42
251	322
252	195
255	180
257	141
257	155
258	95
258	259
260	164
261	76
261	115
262	39
262	54
262	150
262	231
262	256
263	10
263	32
263	33
263	233
263	264
265	10
265	32
265	266
265	267
266	10
266	32
266	233
267	10
267	32
268	15
268	76
268	92
269	259
270	271
271	665
271	825
271	897
272	15
273	92
273	100
273	274
274	92
274	99
274	100
276	10
276	32
276	73
276	230
276	233
277	65
279	43
280	281
282	33
282	49
282	143
283	15
284	285
286	287
287	174
288	168
289	290
290	116
290	230
291	25
292	190
293	25
294	18
295	80
297	200
298	89
301	17
302	125
303	304
304	128
305	27
305	86
305	248
306	15
306	17
306	92
306	128
306	307
307	849
308	10
309	15
310	27
310	101
310	116
310	311
310	312
311	75
311	101
311	381
311	480
313	100
313	314
316	80
317	10
317	318
318	10
318	233
318	387
318	502
319	320
321	199
321	200
321	322
322	468
322	517
323	46
323	324
323	325
324	84
325	46
325	84
326	15
326	76
327	128
328	167
328	168
329	82
330	153
331	332
334	89
334	137
335	287
336	5
336	18
337	128
338	339
340	128
341	142
342	65
342	321
343	153
344	129
345	285
346	65
347	38
348	314
349	10
349	32
349	73
349	230
350	351
352	65
352	122
353	195
353	1005
353	1085
354	355
357	92
358	27
359	139
359	236
360	139
361	285
362	237
363	5
365	15
365	92
366	367
367	69
368	76
368	134
368	223
368	240
370	8
371	264
372	54
372	148
373	99
374	15
374	92
374	375
375	15
375	100
376	377
376	378
379	78
379	79
379	80
380	381
381	43
381	395
382	35
383	384
385	386
389	300
389	307
390	5
391	259
392	180
393	394
393	395
394	660
396	188
397	199
397	200
397	322
398	65
398	122
400	15
400	38
400	92
400	401
401	861
401	862
402	108
403	80
404	15
404	51
404	91
404	101
404	132
404	161
404	162
406	260
407	341
408	236
409	15
409	375
410	49
411	206
412	80
413	16
413	318
413	377
413	378
413	381
414	15
414	415
416	5
416	18
417	27
417	46
417	65
417	142
417	275
418	23
418	120
419	198
419	420
421	10
421	422
422	76
422	151
422	756
423	332
424	91
425	38
426	131
426	427
427	15
427	76
427	131
427	134
428	5
428	18
429	39
429	54
429	150
429	231
429	256
430	100
430	134
430	431
430	432
431	133
431	134
432	15
432	100
433	235
433	236
433	434
434	235
434	236
435	100
435	274
436	131
436	227
436	437
437	54
437	115
437	148
438	42
438	439
439	42
439	51
440	10
440	153
441	405
442	125
443	108
444	15
444	43
444	80
445	199
445	321
446	141
447	148
449	5
450	21
450	128
451	17
451	21
451	38
452	453
454	285
455	69
456	457
456	458
458	456
458	457
459	27
459	49
459	142
459	248
460	167
460	328
461	69
462	15
462	91
463	10
463	33
463	38
463	73
463	233
463	264
464	21
465	15
465	17
465	92
465	128
465	307
466	467
469	10
469	422
470	76
471	97
471	176
471	177
472	253
473	6
473	17
473	39
473	80
473	105
473	128
473	299
474	475
475	122
476	21
476	128
478	49
478	143
479	15
479	43
479	92
479	357
479	422
481	395
482	142
483	148
483	164
483	233
483	437
484	477
485	131
485	227
485	437
486	142
486	287
487	100
488	439
489	178
489	490
489	491
492	43
492	76
492	92
493	10
493	33
494	92
495	43
496	15
498	10
498	16
498	54
498	148
498	153
498	233
498	380
498	381
498	437
498	469
498	499
499	233
500	3074
500	3253
501	21
501	128
502	381
503	141
504	10
504	505
505	10
506	27
506	42
507	219
508	141
509	255
510	15
510	92
513	15
513	54
513	92
513	120
514	10
514	15
514	92
514	381
515	21
515	54
515	326
516	40
517	125
518	328
518	519
519	52
520	15
520	38
521	475
524	35
525	526
527	6
527	381
528	86
529	65
530	143
531	207
532	91
532	128
532	357
533	35
534	188
535	15
536	537
539	296
539	540
540	80
541	219
542	315
543	356
544	51
545	546
547	12
548	405
549	199
549	321
550	43
550	395
551	230
552	448
553	15
553	100
553	134
554	51
555	131
555	132
556	299
557	15
558	51
559	320
560	15
560	142
560	162
562	27
562	142
562	275
563	512
564	5
565	15
565	76
565	91
565	100
565	131
565	134
565	274
565	307
566	76
567	206
568	80
568	299
569	248
570	12
571	17
571	21
571	38
572	148
573	91
574	128
575	128
576	299
577	15
577	38
578	15
579	27
579	142
579	275
580	92
580	120
581	139
581	360
582	15
582	80
583	21
584	15
584	54
585	120
586	89
587	157
587	511
588	15
588	134
589	10
590	69
590	367
590	461
591	122
592	10
592	422
593	15
594	519
595	122
596	64
596	104
598	399
599	65
600	15
600	395
601	59
603	35
604	27
604	325
605	58
606	167
607	180
608	21
611	128
611	254
612	141
612	537
613	394
613	395
614	15
614	131
614	141
615	15
615	92
615	375
616	285
617	219
617	220
617	618
618	219
618	220
618	526
619	15
619	227
620	95
622	15
622	76
622	92
622	107
623	10
623	42
623	290
625	626
626	307
626	930
627	97
627	177
628	76
628	629
630	80
630	412
631	76
632	43
632	76
633	49
633	128
633	439
634	15
634	40
634	381
635	76
636	76
637	321
637	378
638	386
639	10
640	641
641	128
641	523
642	115
643	41
644	597
645	15
645	43
645	91
645	92
645	357
645	422
646	332
647	378
647	610
648	235
648	236
649	101
650	80
650	122
651	61
652	167
653	4
653	654
655	202
655	285
656	100
657	91
657	128
657	151
657	357
657	422
658	80
658	187
659	167
659	168
661	12
662	76
663	61
664	665
665	902
666	206
667	49
667	50
667	51
667	52
668	27
669	80
669	670
671	43
672	17
672	92
672	128
672	307
673	128
674	675
676	42
676	51
677	678
678	3099
679	199
679	321
680	395
681	71
681	142
681	439
682	27
683	10
683	42
683	43
683	101
683	146
683	249
683	290
684	15
685	86
686	427
687	235
687	236
687	434
688	198
688	689
689	198
690	10
690	33
690	73
690	101
691	80
691	125
691	333
692	266
693	422
694	65
695	112
697	27
697	142
697	171
698	141
699	5
700	15
700	162
701	17
702	188
703	129
703	353
704	314
705	18
706	139
707	381
708	89
708	709
708	710
708	711
710	843
710	859
710	879
710	880
712	381
713	91
714	131
714	227
714	437
715	139
716	209
717	27
717	74
717	142
718	128
719	15
719	131
720	219
720	220
720	526
721	609
722	76
723	715
724	561
725	15
725	33
726	23
726	120
727	122
728	171
728	185
729	395
730	42
731	621
732	448
733	624
734	15
734	46
734	65
734	142
734	275
735	128
735	523
736	364
737	128
738	164
739	61
740	180
741	386
742	18
743	112
744	122
745	27
745	46
745	65
745	142
745	275
746	15
747	176
747	177
748	602
749	171
749	185
750	76
750	209
751	582
752	281
752	321
752	549
753	15
753	76
753	208
754	167
755	554
757	108
758	188
759	139
760	139
761	511
762	12
762	15
763	6
764	15
764	65
765	299
766	15
767	696
768	43
768	395
769	80
770	128
771	332
772	15
773	12
774	10
774	33
774	264
774	610
775	6
775	80
776	437
777	35
777	533
778	76
778	91
779	46
780	512
781	287
782	10
782	116
782	290
783	678
783	784
785	599
786	20
786	43
786	128
786	621
787	139
788	17
788	33
789	97
790	791
792	202
793	10
793	15
793	148
793	290
793	381
793	395
794	101
794	547
795	148
795	164
795	233
795	437
796	122
797	80
798	285
799	129
799	339
800	15
800	38
801	80
802	89
802	298
803	31
803	43
803	76
804	260
805	386
806	91
807	10
807	65
807	318
807	549
808	15
808	17
809	13
809	388
809	810
809	811
810	971
812	387
813	814
813	815
813	816
813	817
813	818
814	839
817	839
818	1121
820	195
820	821
821	195
822	823
824	825
824	826
825	849
825	1331
826	825
827	15
827	92
828	829
828	830
829	956
830	832
830	1123
831	830
831	832
833	834
833	835
835	665
835	834
836	665
836	819
836	825
836	837
837	665
837	819
837	825
838	839
840	353
841	842
841	843
841	844
843	842
843	844
843	859
843	880
844	842
845	846
846	711
847	665
847	848
847	849
850	307
851	852
851	853
851	854
853	854
853	1176
855	856
855	857
855	858
855	859
855	860
856	831
856	857
858	843
858	859
858	860
858	880
859	831
859	842
859	844
859	928
859	1046
860	842
860	844
860	859
860	880
861	862
863	864
863	865
864	909
864	924
864	1018
865	353
865	864
865	924
865	984
865	1005
865	1195
866	867
869	870
871	872
873	874
875	876
876	1014
876	1015
877	867
878	843
878	859
878	879
878	880
880	842
880	843
880	844
881	821
882	856
882	857
882	858
882	859
882	860
883	860
883	884
883	885
883	886
887	888
889	848
890	831
891	860
892	852
892	893
892	894
893	1752
894	839
894	876
895	821
897	665
898	899
900	901
903	817
903	904
905	906
906	353
906	909
906	1085
907	665
907	902
908	844
908	909
909	842
909	924
910	195
910	353
910	911
911	1245
912	913
914	842
914	859
915	844
915	916
915	917
915	918
917	1117
918	844
919	920
921	842
921	844
921	922
921	923
921	924
922	842
922	854
922	923
923	842
923	854
924	711
924	842
925	839
925	926
925	927
925	928
925	929
925	930
925	931
926	497
926	839
926	931
928	927
929	839
929	926
929	928
929	930
929	931
930	1261
931	951
931	988
932	933
933	848
934	935
934	936
934	937
934	938
936	1015
937	1024
937	1062
938	894
938	936
938	937
938	1104
938	1153
938	1178
938	1180
938	1362
939	940
940	852
940	894
941	942
943	944
945	791
945	825
946	831
946	856
946	947
946	948
947	831
947	1159
948	831
948	947
949	195
950	831
950	947
950	948
952	953
954	353
955	956
957	854
957	958
958	852
958	854
959	839
959	876
960	873
961	962
963	884
963	886
964	965
964	966
964	967
965	966
966	965
967	966
968	756
969	848
970	971
972	903
973	821
973	948
974	975
976	977
980	981
980	982
983	861
983	862
984	711
985	839
985	986
985	987
986	1284
987	854
989	300
991	977
992	936
992	993
993	300
993	711
993	831
993	856
993	936
993	1067
994	995
996	167
998	999
999	818
999	839
999	986
999	987
1000	884
1001	842
1001	904
1001	938
1001	1002
1002	842
1002	904
1002	938
1002	1001
1002	1387
1003	975
1004	927
1004	1005
1005	1085
1005	1261
1006	902
1007	1008
1009	844
1009	1010
1009	1011
1009	1012
1010	821
1010	844
1010	1020
1011	711
1011	844
1011	909
1011	924
1012	844
1012	859
1012	909
1012	1086
1012	1209
1013	1014
1013	1015
1015	839
1015	904
1016	825
1017	711
1017	842
1017	896
1017	909
1017	924
1017	1018
1018	924
1019	844
1019	864
1019	906
1019	1020
1020	864
1020	909
1020	1012
1020	1033
1021	710
1021	860
1022	859
1022	860
1023	1024
1024	894
1025	844
1025	859
1025	1026
1026	842
1027	839
1027	876
1028	842
1028	924
1029	1030
1031	832
1032	844
1032	864
1032	915
1032	1010
1032	1011
1032	1012
1032	1020
1032	1026
1032	1033
1033	844
1034	300
1034	307
1035	1031
1036	844
1036	858
1036	859
1036	860
1037	995
1037	1008
1038	665
1039	825
1039	826
1040	1041
1042	497
1042	839
1042	931
1043	831
1043	844
1043	856
1043	859
1043	860
1045	842
1045	1046
1046	842
1048	665
1048	834
1049	894
1050	913
1050	1051
1050	1052
1052	1051
1053	821
1054	984
1055	832
1057	665
1057	825
1058	15
1058	43
1059	997
1061	271
1063	300
1063	1064
1064	300
1064	711
1065	935
1065	1066
1065	1067
1066	300
1066	842
1066	924
1066	935
1066	1104
1067	300
1067	935
1067	936
1067	1015
1068	815
1068	817
1069	1070
1069	1071
1070	852
1070	903
1070	942
1070	999
1072	846
1073	710
1073	859
1074	988
1075	353
1075	864
1075	1005
1076	844
1076	859
1077	1078
1079	956
1080	823
1081	300
1081	1044
1082	1083
1084	909
1084	1085
1086	1011
1087	300
1088	353
1088	865
1088	1005
1089	879
1089	1090
1090	1101
1091	300
1092	1082
1092	1083
1094	1051
1094	1095
1095	1051
1096	29
1096	255
1098	844
1098	1012
1098	1020
1098	1099
1099	844
1102	835
1103	256
1103	825
1103	873
1103	989
1103	1008
1103	1062
1103	1104
1103	1105
1103	1106
1106	300
1106	825
1106	1161
1107	884
1108	873
1109	300
1109	842
1109	924
1109	935
1109	1104
1110	1087
1111	1112
1112	300
1113	832
1113	1114
1115	920
1118	935
1119	904
1120	1121
1122	1031
1122	1123
1122	1124
1125	823
1125	938
1125	989
1125	1126
1125	1127
1127	823
1127	938
1128	849
1129	1051
1130	300
1130	711
1130	856
1130	936
1130	1067
1132	844
1133	1078
1134	195
1134	1114
1134	1135
1136	825
1136	1024
1136	1105
1137	842
1137	844
1137	859
1137	924
1138	864
1138	865
1138	948
1139	839
1140	1011
1141	864
1141	1142
1142	1150
1143	927
1143	1144
1145	300
1145	711
1145	856
1145	936
1145	1067
1146	842
1146	844
1146	1026
1147	1148
1149	852
1149	893
1149	894
1151	195
1152	831
1152	842
1152	844
1152	928
1152	1046
1153	1131
1154	873
1154	975
1155	824
1155	1062
1156	1117
1157	832
1158	831
1158	1159
1160	870
1161	825
1162	956
1163	984
1163	1164
1165	831
1165	947
1166	1112
1167	844
1167	1168
1168	1124
1169	832
1170	842
1170	844
1170	859
1170	880
1171	894
1172	1093
1172	1173
1174	988
1175	823
1176	854
1177	844
1177	856
1177	880
1178	854
1178	969
1178	1087
1178	1179
1179	1121
1180	825
1180	1105
1180	1118
1181	844
1181	859
1181	924
1181	1097
1182	942
1183	985
1183	1184
1185	997
1186	1187
1186	1188
1188	835
1189	823
1190	497
1191	823
1191	938
1192	1187
1192	1188
1193	1051
1193	1095
1194	842
1194	924
1196	978
1196	1197
1196	1198
1199	844
1199	859
1200	1201
1201	300
1202	756
1202	968
1203	927
1204	353
1204	865
1204	1097
1204	1205
1205	865
1205	1097
1205	1142
1206	984
1207	1117
1208	852
1208	854
1209	1011
1211	1121
1212	1121
1213	873
1214	1082
1214	1083
1215	842
1215	844
1215	859
1215	880
1216	852
1217	1093
1217	1173
1218	831
1218	947
1219	1220
1221	988
1222	894
1223	844
1223	1011
1223	1224
1224	1124
1224	1604
1225	852
1225	893
1225	894
1226	710
1226	859
1226	860
1226	1227
1227	831
1227	842
1227	844
1227	856
1227	859
1227	860
1227	880
1227	928
1228	1229
1229	256
1230	823
1231	665
1231	1173
1232	1062
1232	1180
1233	936
1233	993
1234	195
1234	821
1235	353
1235	1236
1236	195
1237	933
1238	848
1239	873
1240	864
1240	1097
1241	497
1241	839
1241	926
1241	931
1242	834
1243	1116
1244	909
1244	1085
1246	901
1246	1178
1246	1247
1246	1248
1246	1249
1247	832
1248	1015
1249	901
1250	300
1251	711
1252	1085
1254	1255
1256	665
1256	1257
1257	665
1258	815
1258	1210
1259	1097
1260	1085
1260	1261
1261	839
1261	1085
1262	1236
1263	195
1263	353
1263	864
1263	865
1263	924
1263	984
1263	1005
1263	1085
1264	790
1264	1007
1264	1008
1264	1265
1264	1266
1265	842
1265	924
1266	790
1266	791
1266	930
1266	990
1266	1265
1267	825
1267	894
1267	1104
1267	1268
1269	906
1270	1051
1271	367
1272	886
1272	963
1272	1107
1273	1205
1273	1274
1275	715
1276	353
1276	864
1277	1278
1278	931
1278	1221
1279	1024
1279	1062
1279	1180
1281	839
1283	1284
1285	933
1286	823
1286	938
1286	989
1286	1126
1286	1127
1287	832
1288	522
1289	820
1290	626
1291	844
1291	859
1292	665
1293	854
1294	831
1294	856
1294	857
1295	710
1295	860
1296	982
1296	1297
1297	982
1298	844
1298	924
1298	974
1300	830
1301	829
1302	926
1302	927
1302	928
1302	930
1303	1227
1304	856
1304	948
1304	993
1304	1294
1304	1305
1305	904
1306	844
1306	909
1306	924
1307	195
1307	1005
1307	1085
1308	1121
1309	1310
1311	852
1311	853
1311	854
1312	1093
1313	935
1313	936
1314	1245
1314	1315
1316	497
1317	1318
1318	29
1318	255
1318	928
1319	353
1320	665
1320	1321
1320	1322
1322	195
1322	821
1326	880
1326	1029
1327	195
1328	497
1329	864
1329	865
1329	1142
1330	300
1331	839
1332	1255
1333	300
1333	711
1333	831
1333	936
1333	1067
1334	825
1335	821
1335	924
1335	984
1335	1336
1335	1337
1336	497
1336	711
1336	842
1336	844
1336	865
1336	924
1336	984
1337	497
1338	839
1338	876
1339	832
1340	911
1340	1315
1341	844
1341	1011
1341	1209
1342	844
1342	864
1342	915
1342	1010
1342	1011
1342	1012
1342	1020
1342	1026
1342	1033
1343	1344
1345	902
1346	300
1346	1347
1347	825
1347	1053
1347	1331
1348	195
1348	1005
1348	1085
1349	844
1350	904
1350	1305
1351	844
1351	860
1351	928
1351	1227
1352	831
1353	829
1353	956
1354	927
1354	930
1354	931
1354	984
1355	977
1355	1221
1356	1261
1357	1332
1358	831
1358	842
1358	844
1358	859
1358	860
1358	880
1359	665
1360	842
1360	844
1360	859
1360	924
1361	821
1362	1331
1363	852
1363	893
1363	894
1364	1365
1365	1101
1366	936
1367	1344
1368	864
1368	865
1369	864
1369	924
1369	1142
1369	1370
1370	711
1370	924
1372	831
1372	842
1372	844
1372	856
1372	859
1372	880
1372	928
1373	665
1374	1011
1375	839
1375	1014
1375	1015
1376	924
1377	864
1377	865
1378	1260
1379	844
1379	859
1379	860
1379	1227
1380	1381
1381	844
1381	856
1381	922
1381	1227
1381	1390
1382	1121
1384	834
1384	835
1384	1385
1385	834
1386	842
1386	843
1386	844
1387	791
1387	1084
1387	1144
1388	353
1388	864
1388	1005
1389	353
1389	909
1389	1085
1390	710
1390	831
1390	842
1390	844
1390	856
1390	857
1390	858
1390	859
1390	860
1390	922
1390	928
1390	947
1390	948
1390	1031
1390	1165
1390	1227
1390	1351
1391	894
1392	844
1393	1261
1394	829
1395	195
1396	652
1397	1398
1399	979
1400	832
1402	844
1403	665
1403	825
1403	897
1404	1261
1405	844
1406	951
1406	988
1407	1031
1408	876
1409	1280
1410	1121
1411	711
1411	842
1412	1031
1412	1407
1413	300
1414	1323
1415	271
1416	839
1416	876
1417	711
1418	831
1418	947
1419	904
1420	844
1420	858
1420	860
1421	896
1422	831
1423	1100
1424	872
1425	831
1426	844
1426	864
1426	865
1426	948
1426	1354
1426	1427
1427	1046
1428	842
1428	859
1428	860
1428	1227
1429	848
1430	1131
1431	300
1431	1015
1431	1432
1433	894
1433	936
1433	1104
1433	1153
1433	1178
1433	1180
1433	1362
1434	842
1434	844
1434	859
1434	880
1435	1090
1436	300
1436	1201
1437	1083
1438	933
1439	844
1439	864
1439	909
1439	924
1439	948
1439	1383
1440	843
1440	859
1440	860
1440	880
1440	1227
1441	821
1441	844
1441	1012
1441	1020
1441	1026
1441	1032
1441	1099
1442	839
1442	986
1442	987
1443	256
1444	1299
1445	711
1445	842
1445	909
1445	924
1445	1018
1446	307
1447	1448
1448	1634
1449	825
1449	1121
1450	1014
1450	1015
1451	1452
1451	1453
1451	1454
1452	1453
1452	2241
1454	1451
1455	844
1456	52
1457	195
1457	665
1458	931
1458	988
1458	1221
1459	830
1459	1131
1460	839
1461	975
1462	962
1462	1282
1463	839
1463	1031
1463	1144
1463	1261
1464	1051
1465	1365
1466	167
1467	711
1467	844
1468	821
1468	1469
1468	1470
1471	626
1472	844
1472	856
1472	880
1473	1015
1474	823
1475	825
1476	665
1477	849
1477	1331
1478	1479
1480	195
1481	43
1482	1060
1482	1322
1483	913
1484	1485
1484	1486
1486	1485
1487	353
1487	865
1487	909
1487	1085
1487	1150
1488	1489
1488	1490
1491	791
1491	1492
1493	665
1493	1060
1494	844
1495	1121
1496	1090
1497	1184
1497	1498
1498	1184
1498	1577
1499	846
1499	1383
1500	1187
1500	1188
1501	1253
1501	1323
1502	497
1502	839
1502	931
1503	859
1503	860
1503	1227
1503	1379
1503	1381
1503	1390
1503	1504
1504	843
1504	859
1504	860
1504	880
1504	1227
1505	825
1505	894
1505	1104
1505	1268
1507	844
1507	924
1507	936
1508	839
1508	842
1508	854
1508	923
1508	1460
1509	849
1509	1331
1510	831
1510	947
1510	948
1511	1060
1511	1322
1512	815
1512	930
1512	1114
1513	300
1514	942
1515	1056
1516	860
1517	864
1517	1011
1517	1012
1518	844
1518	858
1518	859
1518	860
1519	864
1519	1142
1520	984
1521	995
1522	876
1523	839
1523	894
1523	904
1523	1015
1524	844
1525	1245
1525	1315
1526	825
1527	953
1528	842
1528	843
1528	844
1529	848
1530	936
1530	1044
1530	1081
1530	1479
1530	1531
1530	1532
1531	1044
1532	830
1532	1044
1532	1479
1533	899
1533	1121
1534	168
1535	931
1535	988
1535	1221
1536	902
1537	1538
1539	353
1539	864
1539	865
1539	924
1539	984
1539	1005
1539	1085
1540	1008
1541	831
1541	842
1541	844
1541	928
1541	947
1541	1046
1542	815
1542	930
1543	971
1544	256
1545	842
1546	307
1547	842
1547	844
1547	859
1547	928
1547	1227
1548	842
1549	860
1550	832
1551	1060
1551	1322
1552	1168
1552	1332
1552	1398
1553	300
1553	842
1553	922
1553	1011
1554	936
1555	1401
1556	1084
1557	1082
1557	1083
1558	756
1559	711
1559	842
1559	1018
1560	104
1560	526
1560	968
1560	1561
1561	526
1562	968
1563	864
1563	865
1563	1142
1564	859
1564	880
1565	711
1566	937
1566	1024
1566	1180
1567	1031
1568	1569
1570	1024
1570	1062
1571	958
1572	665
1572	924
1573	829
1574	1324
1575	839
1575	876
1576	1093
1577	1401
1578	818
1578	825
1578	1161
1579	1229
1580	195
1581	1506
1582	856
1583	971
1584	1581
1585	844
1585	1327
1586	842
1586	844
1586	859
1586	909
1586	918
1586	924
1586	947
1586	948
1586	1142
1586	1165
1586	1236
1586	1255
1587	902
1588	844
1588	997
1588	1371
1589	1083
1590	854
1591	885
1592	1261
1593	195
1593	821
1594	971
1595	1093
1596	1121
1597	821
1598	856
1598	880
1599	953
1599	1116
1600	821
1601	831
1601	856
1601	947
1601	948
1602	864
1603	1331
1605	842
1605	858
1605	859
1605	1165
1605	1351
1605	1360
1605	1379
1605	1554
1606	1479
1607	300
1607	894
1607	1608
1609	874
1610	849
1610	1331
1611	844
1611	859
1611	909
1611	1012
1612	868
1613	816
1614	353
1614	909
1614	1085
1615	953
1615	1116
1616	1187
1616	1188
1617	626
1618	901
1619	825
1619	826
1619	1178
1619	1526
1620	665
1621	832
1622	830
1622	832
1623	821
1623	906
1623	1085
1624	1625
1626	1325
1627	821
1628	842
1628	844
1628	859
1628	880
1629	864
1630	1168
1630	1224
1631	884
1632	665
1633	195
1635	353
1635	791
1635	990
1635	1005
1635	1387
1636	876
1637	825
1638	873
1639	307
1640	125
1641	76
1641	91
1642	1479
1643	1083
1644	1150
1645	965
1645	967
1646	40
1647	709
1647	842
1648	920
1649	1117
1650	1577
1651	1183
1651	1184
1652	1150
1653	1261
1654	825
1655	984
1656	1178
1657	711
1658	920
1659	814
1659	815
1659	816
1659	817
1659	818
1660	195
1660	1005
1660	1085
1661	844
1662	1663
1663	1743
1664	893
1664	1665
1664	1666
1665	893
1666	893
1666	1665
1667	1668
1667	1669
1668	1669
1670	1671
1672	1673
1674	1671
1674	1675
1674	1676
1675	1797
1675	1860
1677	1678
1679	911
1680	1681
1682	1683
1684	893
1684	1665
1684	1666
1685	1686
1687	1688
1687	1689
1688	1743
1689	1874
1691	1688
1692	1693
1694	1695
1696	1697
1698	1699
1700	1701
1702	1703
1704	1705
1704	1706
1706	1705
1707	1708
1709	1710
1710	1688
1711	1712
1714	1715
1715	1689
1715	1746
1716	1717
1718	1719
1719	1669
1720	1721
1722	1723
1723	526
1724	1725
1724	1726
1726	1776
1727	1728
1729	1730
1731	1732
1733	1734
1735	1675
1738	1739
1740	1741
1742	1743
1744	1686
1745	1746
1747	1678
1747	1748
1750	1751
1751	1787
1752	893
1753	1754
1755	1448
1757	1758
1759	1689
1759	1713
1760	1761
1760	1762
1762	1822
1763	1712
1764	1765
1766	1694
1766	1695
1767	1768
1769	1712
1770	1743
1771	1712
1772	1671
1772	1773
1773	1695
1774	1712
1775	1776
1778	1706
1778	1779
1780	1743
1781	1782
1782	1857
1783	1784
1785	1743
1786	1669
1788	1782
1789	1344
1790	1791
1792	1793
1793	1689
1794	1795
1794	1796
1794	1797
1795	1675
1798	1787
1798	1799
1799	1787
1800	1712
1802	1712
1803	1730
1804	1805
1807	1777
1807	1808
1808	1834
1810	1811
1813	1703
1814	1712
1815	1816
1816	526
1818	1703
1819	1820
1821	1784
1821	1787
1821	1822
1823	1712
1826	1820
1827	1828
1829	1830
1831	1832
1833	1834
1833	1835
1836	1705
1836	1706
1836	1784
1837	1669
1838	1828
1841	1834
1842	1843
1843	1344
1843	1782
1843	1869
1844	1671
1845	1743
1846	1737
1847	1702
1847	1712
1848	1796
1848	1808
1848	1849
1848	1850
1848	1851
1850	1675
1851	1777
1852	1712
1852	1853
1853	1712
1854	1855
1854	1856
1856	1855
1858	1812
1859	1669
1861	1793
1861	1862
1862	1792
1862	1793
1863	893
1863	1665
1863	1666
1864	1808
1864	1860
1864	1865
1866	1867
1867	1739
1868	1686
1869	2094
1870	1734
1870	1840
1871	1751
1872	1725
1873	1874
1876	1877
1878	1879
1880	1881
1882	1869
1883	1716
1884	1751
1884	1779
1885	1769
1886	1712
1887	1712
1888	1675
1889	1780
1890	1737
1891	1892
1892	2011
1892	2012
1893	1699
1894	1712
1895	1896
1897	1808
1898	1703
1898	1737
1899	526
1899	1816
1900	1712
1901	1834
1902	1834
1902	1835
1903	1904
1905	526
1906	1712
1907	1689
1908	1669
1909	1834
1909	1835
1910	1876
1911	1344
1911	1688
1911	1912
1911	1913
1912	1344
1912	1782
1914	1704
1915	1737
1916	1743
1918	1690
1919	1712
1920	1756
1921	1668
1922	1791
1923	1686
1924	1705
1926	1669
1926	1746
1927	1702
1927	1867
1928	1751
1929	526
1929	1816
1930	1734
1931	1932
1933	1702
1934	1935
1936	1799
1937	1730
1937	1938
1939	1686
1941	1668
1941	1669
1943	1676
1943	1795
1944	1736
1944	1942
1945	526
1945	1723
1945	1816
1946	1779
1946	1787
1946	1947
1948	1949
1948	1950
1950	1686
1951	1952
1953	1678
1953	1808
1954	275
1955	1344
1955	1782
1956	1957
1958	1712
1959	1892
1960	1849
1961	1706
1962	1751
1962	1822
1963	1689
1964	1793
1965	1966
1967	1968
1967	1969
1968	2486
1969	1968
1970	1971
1971	1980
1972	1768
1973	1974
1975	1712
1976	1952
1977	1712
1978	1712
1978	1853
1979	1736
1979	1794
1981	1741
1982	1697
1983	1782
1984	1671
1984	1678
1984	1808
1984	1985
1985	1671
1986	1987
1988	1689
1989	1990
1989	1991
1991	1791
1992	1993
1994	1987
1995	1970
1995	1971
1996	1892
1998	1806
1999	1797
1999	1860
2000	1730
2001	1699
2002	1756
2002	1920
2003	1817
2004	1876
2005	1669
2006	1828
2007	1686
2008	1739
2009	893
2009	1684
2009	2010
2010	893
2010	1665
2010	1684
2011	1758
2013	15
2016	2017
2017	1925
2018	1712
2019	1686
2020	1712
2021	1697
2022	1669
2023	1777
2024	1686
2025	2026
2026	1940
2027	1809
2028	1940
2029	1699
2031	1787
2032	1678
2032	1748
2033	1671
2033	1985
2034	1791
2035	1675
2036	1673
2037	1768
2039	1787
2040	893
2040	1684
2040	2010
2041	1668
2041	1669
2042	911
2043	1991
2044	1712
2045	1712
2046	1712
2046	1933
2047	1712
2048	893
2049	1344
2049	1689
2050	2051
2052	1796
2053	1806
2054	1669
2055	1761
2055	1762
2056	2057
2058	2059
2059	1791
2060	2061
2062	1706
2063	1736
2063	2064
2065	1784
2065	2066
2067	1744
2069	1787
2070	1736
2071	1810
2071	1811
2073	1676
2074	1865
2075	1991
2076	1749
2077	1839
2078	1869
2079	1671
2080	1917
2081	2072
2082	2083
2084	1669
2085	1975
2086	1939
2087	1686
2088	1939
2089	1787
2090	1834
2091	893
2091	1684
2091	2010
2092	1712
2093	2011
2093	2012
2095	1779
2095	1787
2095	1947
2096	1779
2096	1801
2096	2068
2097	893
2097	1665
2097	1666
2098	1712
2098	2099
2100	1702
2100	1867
2102	526
2103	1896
2104	1856
2104	1876
2105	1671
2106	1712
2107	1686
2107	1825
2108	1676
2109	1725
2110	1843
2111	1892
2112	1703
2113	1669
2114	1684
2114	2040
2115	1712
2116	1712
2117	1896
2118	1702
2118	1867
2119	1968
2119	1969
2120	893
2121	1806
2122	1712
2123	1787
2124	1703
2124	1866
2125	1686
2125	1699
2126	893
2126	1684
2126	2010
2126	2040
2127	1739
2128	1949
2129	2130
2131	1943
2132	1822
2133	1876
2134	1697
2135	1737
2136	1746
2137	2030
2138	1703
2138	1712
2138	1975
2139	1712
2140	1712
2141	893
2141	1752
2142	1669
2143	369
2144	1736
2144	1808
2145	1828
2146	1797
2146	1860
2147	1712
2147	1997
2148	1671
2149	1787
2150	1876
2151	2000
2152	1669
2153	1874
2153	1987
2154	1787
2154	1822
2155	1669
2156	1736
2157	1878
2158	1695
2159	1857
2159	1869
2160	1784
2161	1782
2162	1703
2162	1712
2163	1780
2164	1705
2164	2015
2165	1824
2166	1669
2166	1712
2167	1705
2167	1706
2168	1671
2169	1881
2170	1741
2171	1796
2171	1834
2172	1805
2173	1987
2174	1669
2175	1746
2176	1875
2177	1712
2178	1686
2178	1699
2179	1671
2179	1985
2180	1834
2180	1835
2181	2083
2182	1712
2183	1793
2183	2038
2184	1669
2184	1746
2185	1669
2186	526
2186	1723
2186	1816
2187	2030
2188	1712
2189	1712
2190	1787
2191	1765
2192	1896
2193	1669
2194	1703
2195	1741
2196	1712
2197	1697
2198	1782
2199	1869
2200	1943
2201	1671
2202	1689
2203	1746
2204	1669
2204	1746
2205	1703
2206	526
2207	526
2208	911
2209	1705
2210	2014
2211	1669
2212	1712
2213	2214
2214	2287
2215	2216
2215	2217
2216	2250
2216	2409
2217	2251
2217	2252
2218	2219
2219	2343
2219	2485
2220	2221
2220	2222
2222	2470
2222	2547
2223	2224
2226	2227
2228	2229
2229	2337
2231	2232
2232	2342
2234	2235
2235	2322
2238	2239
2240	2241
2242	2243
2242	2244
2244	2243
2244	2471
2245	2246
2248	2249
2250	2251
2250	2252
2252	2251
2254	2255
2254	2256
2254	2257
2256	2872
2257	2286
2257	2287
2257	2378
2257	2448
2257	2476
2257	2477
2258	2259
2258	2260
2259	2267
2260	2239
2261	2262
2261	2263
2262	2606
2262	2673
2264	2265
2266	2267
2267	2259
2268	2269
2270	2271
2270	2272
2271	2249
2272	2271
2273	2274
2275	2276
2278	2279
2281	2282
2283	2284
2284	2439
2285	2286
2285	2287
2286	2287
2288	2261
2288	2262
2289	2290
2292	2286
2293	2294
2295	2296
2297	2298
2299	2300
2300	2403
2300	2606
2300	2745
2301	2302
2303	2304
2305	2256
2306	2257
2307	2308
2312	2313
2314	2267
2315	2316
2317	2277
2319	2320
2320	2319
2321	2322
2323	1101
2324	2276
2324	2325
2325	2561
2326	2327
2327	2788
2328	2309
2329	2330
2331	2332
2334	2300
2334	2335
2336	2271
2338	2334
2339	2340
2341	2342
2341	2343
2342	2232
2343	2219
2343	2485
2344	2345
2347	2348
2349	2350
2351	2251
2352	2310
2353	2354
2355	2257
2356	2357
2356	2358
2358	2265
2358	2357
2358	2503
2359	2267
2360	2361
2362	2363
2364	2365
2366	2214
2366	2260
2367	2260
2368	2369
2371	2372
2372	2259
2373	2233
2373	2374
2374	2233
2376	2377
2378	2287
2379	1030
2379	1124
2379	1398
2380	2236
2380	2381
2382	2300
2382	2383
2382	2384
2382	2385
2384	2300
2386	2259
2390	2249
2397	2240
2398	2273
2398	2274
2399	2250
2399	2251
2400	2246
2401	2313
2402	2385
2402	2403
2404	2405
2406	2407
2408	2250
2408	2409
2411	2216
2411	2217
2412	2282
2413	2392
2413	2414
2414	2247
2417	2418
2419	2420
2421	2422
2423	1124
2427	2311
2428	2249
2428	2271
2429	2430
2431	2432
2433	1060
2435	2232
2436	2437
2440	2286
2441	2300
2442	2221
2442	2222
2443	2361
2443	2444
2444	2361
2445	2263
2446	2447
2448	2287
2449	2289
2453	2345
2454	1604
2455	2421
2456	2388
2457	2259
2458	2237
2460	2289
2461	2257
2462	2389
2463	2309
2464	2214
2465	2407
2466	2261
2466	2262
2467	2468
2468	2259
2470	2253
2471	2243
2473	2274
2474	2219
2475	2286
2475	2287
2475	2378
2475	2448
2475	2476
2475	2477
2476	2214
2478	830
2479	2260
2480	2481
2482	2343
2483	2267
2484	2256
2484	2257
2487	2249
2487	2271
2489	2265
2489	2490
2491	2492
2493	2260
2494	2251
2494	2252
2495	2249
2496	2391
2497	2386
2500	2501
2502	2358
2502	2503
2502	2504
2503	2358
2504	2358
2504	2503
2506	2507
2508	2282
2510	2217
2510	2252
2511	2263
2511	2512
2513	2514
2513	2515
2513	2516
2513	2517
2514	2515
2516	2515
2517	2514
2517	2515
2518	2385
2518	2403
2519	2358
2519	2503
2520	2521
2521	944
2522	2370
2523	2257
2524	830
2524	2478
2525	2526
2527	2225
2527	2472
2528	2488
2529	2372
2531	2532
2534	2391
2536	2537
2537	2229
2538	2387
2539	2243
2539	2244
2540	2541
2543	2280
2544	2249
2544	2271
2544	2545
2548	2287
2548	2425
2549	2550
2550	2651
2551	2249
2552	2541
2553	2241
2554	2282
2555	2407
2557	2364
2557	2365
2558	2541
2559	2492
2559	2560
2560	2492
2562	2304
2562	2563
2564	2287
2565	2225
2565	2383
2565	2504
2567	2535
2568	2569
2569	862
2570	2252
2573	2466
2574	2386
2576	2350
2577	2578
2577	2579
2577	2580
2578	830
2578	2580
2578	3654
2581	1968
2581	2415
2582	2225
2583	2451
2584	2250
2584	2409
2585	2241
2585	2267
2586	2587
2587	2260
2587	2267
2589	1101
2589	1604
2590	2287
2591	2378
2592	2260
2592	2366
2592	2587
2593	2286
2594	2257
2596	2261
2596	2466
2597	2286
2598	2271
2600	2257
2600	2601
2600	2602
2602	2257
2602	2286
2603	2604
2605	2253
2606	2607
2606	2608
2606	2609
2607	2606
2607	2608
2607	2723
2610	2216
2610	2217
2611	2392
2612	2342
2612	2343
2613	2614
2615	2333
2616	2617
2618	2619
2621	2441
2622	2259
2623	2253
2624	2221
2624	2547
2625	2626
2627	2214
2627	2287
2628	2230
2629	2568
2630	2377
2631	1604
2632	2287
2632	2477
2633	2572
2634	2410
2635	2542
2636	2232
2637	2514
2638	2249
2640	2499
2641	2249
2641	2271
2641	2545
2642	2257
2642	2287
2642	2378
2642	2591
2643	2322
2644	2229
2645	2319
2646	1101
2647	2243
2647	2244
2649	2409
2649	2411
2650	2249
2650	2271
2652	2422
2653	2287
2653	2448
2654	2578
2654	2579
2654	2580
2655	2393
2656	2639
2657	2530
2658	2659
2659	1112
2659	2459
2660	2300
2661	2375
2661	2662
2662	2342
2663	2664
2665	2300
2665	2518
2665	2666
2667	2668
2667	2669
2668	2669
2669	2668
2670	2439
2671	2550
2672	2518
2674	2251
2675	2259
2676	2263
2678	2257
2678	2287
2679	2426
2680	2251
2681	2287
2681	2476
2683	2262
2683	2606
2684	2450
2685	2216
2685	2217
2686	2249
2686	2271
2687	2588
2688	2261
2688	2466
2689	2447
2690	2575
2690	2691
2691	2222
2691	2452
2691	2470
2692	2693
2694	2448
2696	2418
2697	832
2698	832
2699	2276
2699	2325
2700	2509
2700	2628
2701	2370
2702	1060
2703	2412
2704	2568
2705	2258
2705	2587
2706	2267
2707	2298
2708	91
2708	710
2708	879
2709	2558
2710	2394
2711	2214
2711	2287
2712	2682
2713	2271
2714	2322
2715	1479
2716	2264
2716	2662
2717	2216
2719	2533
2720	1060
2720	2702
2721	2248
2721	2430
2722	2416
2724	2259
2725	2267
2725	2325
2725	2726
2726	2259
2726	2267
2727	2240
2728	2361
2728	2444
2729	2273
2729	2398
2730	2560
2731	2267
2732	2233
2732	2374
2733	2358
2733	2503
2734	2735
2736	2546
2736	2695
2737	2358
2737	2502
2738	2389
2739	2438
2740	2388
2741	2263
2743	2316
2744	2421
2746	2291
2747	1124
2747	1168
2748	2216
2748	2217
2749	2750
2751	2214
2751	2287
2751	2498
2752	2280
2753	2217
2753	2252
2754	2358
2754	2502
2754	2503
2755	2318
2756	2267
2757	2758
2758	2365
2759	2386
2760	2260
2761	2251
2761	2252
2762	2360
2763	2300
2764	2446
2765	2469
2766	2578
2766	2579
2766	2580
2767	2768
2768	2742
2769	2389
2770	2244
2770	2471
2771	2265
2772	2572
2773	2274
2774	2230
2775	2375
2776	2257
2777	2327
2778	2691
2779	2327
2782	2595
2783	2259
2784	2595
2785	2566
2786	2361
2787	2346
2789	2410
2790	2282
2791	2385
2791	2403
2793	2530
2794	2276
2794	2325
2795	2578
2795	2579
2795	2580
2796	2287
2796	2564
2797	2718
2798	2333
2799	2224
2800	2619
2801	2578
2801	2579
2801	2580
2802	1453
2802	2267
2802	2395
2802	2803
2803	1452
2803	2267
2803	2395
2804	2243
2805	2806
2807	2243
2808	2502
2809	2279
2810	2248
2811	2241
2812	2330
2813	2549
2814	2606
2815	1968
2816	2501
2817	2366
2817	2587
2818	2702
2819	2409
2819	2411
2820	2249
2821	2541
2822	2803
2823	2824
2826	2803
2827	2639
2828	2364
2828	2365
2828	2829
2829	2693
2830	2831
2832	2599
2833	2267
2834	1604
2835	2505
2836	2267
2837	2830
2838	2357
2838	2503
2839	2378
2840	2257
2840	2378
2840	2425
2841	2521
2842	2282
2843	2518
2844	2257
2844	2448
2845	2792
2846	2387
2847	2259
2847	2267
2848	2267
2849	2333
2850	2358
2850	2503
2851	2735
2852	2853
2854	2271
2855	2221
2856	2274
2856	2446
2857	2396
2858	2229
2859	2571
2860	2422
2861	2289
2862	2662
2863	2222
2864	2604
2865	2375
2865	2661
2865	2775
2866	2287
2866	2378
2867	2407
2868	2639
2869	2600
2870	2434
2871	1452
2871	2259
2871	2267
2871	2468
2872	3643
2873	2221
2874	2384
2875	2550
2876	2424
2877	2447
2878	2221
2878	2547
2879	2829
2879	2880
2881	2416
2882	2274
2883	2337
2884	2358
2886	2468
2887	2358
2887	2502
2887	2737
2888	2781
2889	2569
2890	2677
2890	2825
2891	2738
2892	2241
2892	2267
2893	2350
2894	2343
2895	2259
2895	2267
2896	2518
2897	2648
2898	2780
2899	2556
2900	2620
2901	198
2904	2905
2906	2907
2909	967
2911	2912
2914	966
2915	2916
2917	2918
2920	2921
2921	3230
2922	2923
2924	2925
2925	420
2925	3410
2927	966
2927	2928
2928	965
2930	2931
2931	3374
2931	3413
2932	2933
2934	2935
2936	2937
2938	2939
2940	2941
2941	2940
2942	2943
2944	966
2945	2946
2947	2948
2949	966
2951	1
2952	2953
2952	2954
2952	2955
2954	2955
2956	2957
2958	2959
2960	2961
2962	2935
2963	159
2966	2965
2966	2967
2966	2968
2966	2969
2967	3063
2967	3135
2967	3431
2968	3133
2968	3135
2969	3133
2969	3134
2969	3135
2970	2971
2972	159
2972	2973
2973	3076
2973	3077
2973	3385
2974	965
2974	967
2975	965
2975	967
2975	2914
2975	2976
2977	2978
2979	2980
2980	3264
2981	2982
2984	966
2985	2986
2987	2988
2989	2990
2989	2991
2990	2991
2992	2986
2992	2993
2994	2995
2996	2997
2998	2999
3000	3001
3000	3002
3000	3003
3001	2980
3001	3018
3004	3005
3005	236
3006	159
3007	966
3009	3010
3011	967
3012	2935
3014	3015
3016	3017
3018	3003
3019	3020
3022	3023
3024	2903
3025	3026
3027	784
3028	3029
3030	3031
3032	965
3032	3033
3032	3034
3032	3035
3032	3036
3038	3039
3039	3038
3041	920
3043	2983
3043	3044
3043	3045
3043	3046
3043	3047
3049	3050
3051	3052
3052	3046
3052	3326
3053	3054
3055	3056
3056	2954
3058	2929
3059	2953
3061	3062
3061	3063
3061	3064
3064	2965
3066	2959
3068	2965
3068	3062
3068	3064
3069	3070
3069	3071
3072	3073
3075	2973
3075	3076
3075	3077
3076	3077
3080	3081
3082	3083
3084	3085
3085	920
3085	1115
3085	3041
3086	3087
3088	2918
3089	1
3089	2951
3089	3090
3090	2951
3092	3093
3094	2935
3095	2980
3097	3074
3097	3077
3097	3098
3098	3074
3098	3253
3101	3102
3103	3017
3104	3050
3105	3106
3107	2971
3108	2965
3109	3100
3110	2980
3110	3018
3111	2902
3112	2920
3114	967
3115	3038
3115	3039
3116	2950
3116	3117
3116	3118
3116	3119
3116	3120
3117	3118
3117	3119
3117	3120
3119	3120
3121	3122
3122	2983
3123	3124
3123	3125
3124	3472
3126	2907
3126	3127
3128	3129
3130	3131
3131	1
3131	2951
3131	3090
3131	3363
3132	965
3134	2965
3135	3063
3135	3064
3135	3387
3136	3100
3137	3138
3139	3140
3142	2967
3142	3064
3143	3077
3144	1935
3146	2905
3148	3133
3149	2980
3149	3018
3151	966
3152	159
3153	2991
3154	3155
3156	967
3156	2914
3157	3002
3158	965
3160	2926
3160	3161
3161	2926
3163	3005
3164	3165
3166	967
3166	3167
3167	3367
3169	3170
3170	3057
3171	849
3172	965
3173	2920
3174	3175
3176	965
3177	982
3177	3178
3179	3180
3180	159
3181	2971
3181	3182
3182	2971
3183	2885
3183	3184
3184	2885
3185	3091
3186	3010
3187	3188
3188	3229
3189	2959
3189	3066
3190	965
3191	849
3193	3194
3193	3195
3193	3196
3195	2913
3196	3193
3196	3195
3197	2954
3198	3077
3199	3113
3200	3201
3201	3200
3202	966
3203	3133
3203	3134
3203	3135
3204	966
3205	967
3206	3207
3209	966
3210	3211
3211	3050
3211	3234
3212	966
3213	3159
3214	159
3215	3137
3215	3138
3216	966
3217	3218
3219	3220
3222	967
3222	3223
3223	3162
3223	3276
3224	2946
3225	3226
3227	3223
3228	3229
3229	3277
3231	3232
3233	967
3235	159
3235	2973
3236	3237
3238	849
3239	965
3239	966
3239	2907
3239	2961
3239	2999
3239	3120
3240	967
3240	2914
3241	2983
3242	3243
3242	3244
3242	3245
3242	3246
3243	3245
3243	3246
3245	3277
3248	965
3249	966
3249	3204
3250	2959
3250	3066
3250	3251
3252	2983
3252	3046
3254	2925
3255	2982
3256	966
3257	415
3258	236
3258	3259
3259	3005
3260	3261
3261	3201
3262	2919
3263	966
3263	967
3266	107
3270	2990
3270	2991
3271	3113
3271	3199
3272	2983
3272	3122
3273	3040
3274	849
3275	3050
3276	3162
3278	3067
3279	2957
3280	2950
3281	3282
3281	3283
3284	2916
3285	3079
3286	849
3287	3244
3287	3245
3287	3246
3288	965
3288	967
3289	982
3290	3291
3291	3365
3292	1
3292	3127
3292	3234
3293	966
3294	3168
3294	3275
3296	2991
3297	965
3298	2916
3299	849
3300	3076
3300	3077
3301	3302
3303	3026
3304	965
3304	967
3305	965
3305	967
3305	3204
3306	3295
3307	2954
3308	3208
3309	1
3309	3050
3309	3310
3311	3170
3312	3211
3313	3192
3315	965
3315	966
3315	2907
3315	2961
3315	2999
3315	3120
3316	2973
3316	3077
3317	3245
3317	3246
3318	849
3321	849
3323	3324
3325	3046
3325	3326
3326	2948
3326	3003
3326	3018
3326	3046
3326	3354
3327	967
3328	966
3328	3212
3329	3230
3330	159
3331	966
3332	1935
3333	849
3334	3076
3334	3077
3336	2999
3337	3053
3337	3265
3337	3338
3338	3054
3339	3340
3341	965
3341	967
3342	2964
3343	3023
3344	3345
3346	3221
3347	3348
3349	849
3349	3350
3350	849
3350	3299
3351	2946
3353	967
3354	3001
3354	3002
3354	3003
3354	3018
3354	3264
3355	3023
3355	3261
3356	965
3357	3335
3358	3118
3359	2919
3360	2965
3360	3062
3360	3064
3361	3003
3362	784
3363	1
3363	2951
3363	3090
3364	3352
3364	3365
3366	3367
3368	967
3369	3038
3369	3039
3370	3050
3370	3211
3370	3234
3371	3044
3372	3036
3373	2990
3373	2991
3375	91
3375	3267
3376	3020
3377	965
3378	3141
3379	967
3380	3102
3381	3048
3382	2996
3383	966
3384	159
3384	3076
3384	3077
3384	3385
3385	3074
3385	3077
3385	3098
3386	3352
3389	965
3390	3208
3391	3046
3392	3192
3392	3269
3393	3060
3394	3021
3395	3048
3396	420
3397	2971
3398	159
3399	2918
3400	966
3401	3038
3402	3194
3402	3195
3403	3077
3404	3405
3406	3404
3407	91
3407	3267
3408	967
3409	2980
3409	3147
3410	420
3411	2948
3414	3100
3415	3038
3415	3039
3416	967
3417	3418
3418	3010
3419	967
3420	3021
3421	2983
3421	3044
3421	3045
3421	3046
3422	2918
3423	3424
3425	3194
3425	3195
3426	3076
3426	3077
3426	3385
3427	3050
3427	3211
3427	3234
3428	2908
3429	965
3429	2916
3430	2968
3430	2969
3430	3063
3430	3064
3430	3134
3430	3135
3430	3431
3431	3062
3431	3063
3431	3135
3432	3424
3433	3247
3436	966
3436	967
3438	965
3439	2916
3440	966
3440	3204
3441	967
3442	3023
3443	3444
3445	3038
3445	3039
3446	3447
3448	3033
3449	849
3450	3322
3451	3150
3452	3038
3452	3039
3453	2973
3453	3077
3454	3023
3454	3395
3454	3412
3455	3456
3456	159
3457	965
3457	967
3458	3133
3458	3134
3458	3135
3459	967
3460	3008
3461	2933
3462	3096
3463	3352
3463	3365
3464	2919
3465	967
3466	2982
3467	967
3467	3388
3468	3087
3469	2432
3470	3042
3470	3320
3470	3471
3471	3042
3473	3145
3474	967
3475	2910
3476	3033
3476	3314
3477	3078
3478	3033
3478	3314
3479	2918
3480	3050
3480	3211
3481	965
3482	2914
3483	3437
3484	2965
3484	2967
3484	3142
3484	3431
3484	3435
3485	3037
3486	3487
3488	3326
3489	2959
3490	966
3491	236
3491	3259
3492	3374
3493	3329
3494	3045
3495	966
3495	3204
3496	967
3497	3319
3498	3434
3499	2991
3500	3013
3501	2980
3501	3147
3502	3268
3503	849
3504	3505
3506	3243
3506	3244
3506	3245
3506	3246
3507	3076
3507	3077
3508	965
3509	849
3509	2903
3509	3065
3510	2950
3510	3120
3510	3280
3511	3048
3512	3076
3513	830
3513	832
3513	1123
3514	0
3515	3516
3516	3515
3517	3518
3517	3519
3517	3520
3518	3539
3519	3536
3519	3539
3519	3540
3521	3522
3523	3524
3527	3528
3530	3531
3531	3557
3533	1060
3533	1294
3533	2718
3533	3534
3535	3519
3535	3536
3535	3537
3535	3538
3535	3539
3535	3540
3536	3539
3537	3520
3537	3539
3539	3538
3540	3536
3540	3539
3540	3623
3540	3624
3541	3542
3541	3543
3542	830
3542	3531
3542	3557
3542	3660
3542	3856
3544	3545
3544	3546
3547	830
3548	3549
3548	3550
3548	3551
3549	3660
3549	3663
3550	830
3550	1300
3551	3549
3551	3658
3551	3659
3552	3553
3555	2578
3555	2580
3556	2578
3558	3559
3560	3561
3563	3564
3566	3524
3566	3567
3566	3568
3566	3569
3566	3570
3567	3568
3569	2579
3569	3524
3570	3524
3570	3569
3570	3619
3571	36
3572	3573
3574	3575
3576	3577
3578	830
3579	3580
3581	3545
3582	3583
3582	3584
3582	3585
3583	3767
3584	3583
3587	862
3587	3588
3591	3592
3593	2578
3594	3595
3596	3524
3597	3619
3598	3599
3600	3601
3601	3788
3603	3604
3605	3606
3607	3608
3607	3609
3608	3524
3608	3840
3610	3611
3612	3613
3615	3616
3616	3679
3617	0
3618	3524
3618	3569
3618	3619
3621	3622
3623	3538
3625	3608
3625	3609
3625	3626
3628	3629
3630	830
3630	2580
3631	3632
3631	3633
3632	3837
3633	3632
3633	3695
3634	3573
3635	3636
3637	2578
3637	3573
3638	2578
3639	3545
3640	3641
3640	3642
3644	2578
3645	3646
3646	3545
3648	3549
3649	3650
3651	3652
3652	3524
3653	830
3653	2580
3653	3654
3655	3622
3655	3656
3655	3657
3656	3622
3657	3656
3658	2578
3658	3659
3658	3660
3661	3539
3662	3663
3665	3664
3666	3667
3668	3669
3670	3671
3672	3673
3672	3674
3674	3673
3674	3761
3674	3762
3675	3520
3675	3539
3675	3540
3675	3676
3676	3538
3677	3678
3680	3557
3681	3682
3685	1625
3686	320
3687	3688
3688	3546
3690	3590
3691	3531
3691	3542
3692	3658
3693	3522
3694	2512
3695	3632
3695	3633
3697	3562
3698	3699
3701	3702
3703	3704
3704	3747
3705	830
3706	3522
3706	3707
3708	3636
3710	3647
3711	2693
3712	3651
3713	3577
3716	3717
3719	2578
3719	3543
3719	3578
3719	3720
3720	3578
3721	3722
3723	2578
3723	3573
3724	1483
3724	2512
3725	3726
3727	3529
3729	3730
3732	3733
3734	830
3736	3632
3736	3695
3738	3568
3740	3601
3741	3742
3745	3731
3746	3747
3748	3749
3751	3752
3753	3549
3753	3659
3753	3754
3754	3549
3755	3683
3756	3757
3758	2512
3760	3619
3761	3770
3762	3761
3762	3770
3763	3764
3765	3682
3766	3767
3768	3769
3769	3524
3772	3733
3773	1123
3774	2578
3775	3616
3775	3776
3777	3573
3777	3723
3778	2542
3778	2880
3779	3596
3779	3619
3780	3522
3781	2578
3783	1123
3784	3767
3785	3742
3786	3545
3787	3788
3789	3616
3791	3629
3792	3557
3793	3794
3795	320
3796	3767
3797	3672
3797	3673
3797	3674
3797	3761
3797	3770
3798	3629
3800	3546
3801	3608
3802	3803
3802	3804
3804	3629
3805	3539
3806	3807
3809	3524
3810	3561
3811	3812
3813	3814
3815	3816
3817	830
3819	3820
3821	3714
3822	3823
3824	1675
3825	3728
3826	947
3826	3827
3828	2578
3829	3830
3831	3580
3832	1114
3833	2578
3834	3767
3836	2831
3838	3752
3839	3608
3839	3840
3841	3790
3843	3783
3845	2512
3846	3764
3847	3688
3848	3849
3850	3816
3851	3743
3852	3853
3852	3854
3855	3856
3857	3590
3858	3859
3858	3860
3859	3860
3861	3862
3863	2101
3863	3586
3863	3747
3864	3865
3866	3660
3866	3663
3867	3868
3868	3588
3869	3545
3871	3608
3872	3873
3874	2693
3875	3524
3875	3840
3876	3877
3877	3524
3878	3534
3879	2578
3880	3609
3880	3881
3881	3608
3881	3609
3882	1123
3882	2578
3882	3883
3884	3885
3884	3886
3888	830
3889	3577
3890	3524
3891	830
3891	2580
3891	3654
3892	1561
3892	3766
3892	3767
3893	3659
3894	3840
3895	3767
3896	3583
3896	3584
3896	3585
3897	3898
3898	3651
3898	3652
3899	3684
3900	3659
3900	3901
3901	3549
3901	3550
3902	3903
3905	3563
3906	307
3906	2578
3906	3739
3906	3856
3907	3524
3907	3840
3908	1123
3909	2578
3910	3689
3910	3911
3911	3689
3912	2578
3912	3578
3912	3913
3913	3573
3913	3744
3914	3782
3915	3688
3916	3565
3917	2578
3918	3737
3919	3520
3919	3539
3920	3820
3921	3620
3922	3923
3922	3924
3922	3925
3926	3927
3928	2578
3928	2580
3928	3569
3928	3596
3928	3619
3929	2216
3929	3545
3930	3619
3932	3673
3933	3545
3934	830
3934	2578
3935	3583
3936	3937
3938	1124
3939	2578
3939	3608
3939	3651
3940	3759
3941	3588
3942	3551
3944	3658
3945	3946
3947	3730
3948	3652
3950	3678
3951	3588
3951	3952
3952	3588
3952	3868
3953	3554
3954	3735
3955	3956
3957	3557
3958	3568
3959	3960
3962	3963
3964	1198
3964	2578
3964	3593
3965	3966
3968	3969
3970	3596
3970	3597
3971	3557
3972	3531
3973	3974
3975	3516
3977	3853
3978	3580
3979	3980
3981	3943
3981	3976
3983	3761
3984	3604
3985	2512
3986	3616
3986	3679
3987	3750
3988	3989
3991	3992
3992	3603
3993	3545
3993	3688
3993	3865
3994	1044
3994	1532
3995	2578
3995	3608
3995	3651
3996	3524
3996	3619
3996	3652
3997	3552
3997	3553
3998	3999
4000	3569
4001	2580
4002	3709
4003	4004
4005	3603
4006	3651
4006	3783
4007	4008
4009	3726
4010	3516
4012	3531
4013	3676
4014	3524
4014	3596
4014	3651
4015	3931
4016	2578
4017	3967
4018	3818
4019	3859
4019	3860
4020	3726
4021	3752
4022	3924
4023	3608
4024	3520
4024	3527
4024	3528
4024	4025
4025	3527
4025	3528
4026	3622
4027	2578
4028	3577
4029	3532
4029	3636
4030	3524
4031	3518
4031	3536
4031	3623
4032	2512
4032	3771
4033	3614
4035	3553
4036	3718
4037	3524
4037	3619
4038	3684
4039	3750
4040	3702
4041	3588
4041	3868
4042	3589
4043	3840
4044	3924
4044	3952
4045	1123
4046	1135
4047	3865
4048	3522
4049	3904
4050	3849
4051	3946
4052	3552
4053	3578
4054	3549
4054	3659
4054	3754
4055	986
4056	3767
4058	3923
4059	3515
4060	3568
4060	3569
4060	3608
4060	3695
4061	3569
4062	1047
4062	1060
4062	1124
4062	1294
4062	2718
4063	3573
4063	4064
4064	3573
4065	3632
4066	3870
4067	3542
4067	3659
4067	3901
4068	3543
4069	2578
4069	3608
4069	3651
4070	3989
4071	4072
4072	3731
4073	830
4075	4076
4077	830
4077	1123
4077	2578
4078	3764
4079	3563
4080	3524
4080	3876
4081	3531
4082	830
4082	1123
4083	3531
4084	3848
4084	3849
4084	4056
4085	3557
4086	3859
4086	3860
4087	3526
4089	3757
4090	3887
4091	3890
4092	830
4092	1320
4092	1321
4092	2578
4092	3542
4092	3549
4092	3578
4092	3659
4092	4093
4093	2578
4093	3549
4093	3658
4093	3659
4094	4095
4096	3602
4099	3557
4100	830
4101	3768
4102	2693
4103	3608
4104	4057
4105	3844
4106	3524
4107	3524
4110	3595
4111	3818
4112	3700
4113	3683
4113	4011
4114	3577
4116	3733
4117	4076
4118	4088
4119	3632
4120	4076
4121	3999
4122	4098
4123	3604
4125	4126
4127	4128
4129	4074
4130	3807
4131	2578
4131	3781
4132	3545
4133	3538
4134	3524
4134	3597
4135	4136
4137	3859
4137	3860
4138	3799
4139	4122
4140	3842
4141	4142
4143	3678
4144	4095
4145	832
4146	2578
4147	3790
4148	3527
4148	3528
4149	2579
4149	3524
4150	3667
4151	3931
4152	3898
4153	2578
4154	4142
4155	830
4155	832
4155	3715
4156	3545
4157	3660
4158	4109
4158	4159
4160	3564
4161	4124
4162	2578
4163	830
4164	3616
4164	3679
4165	3568
4166	1123
4167	4034
4168	3575
4169	4108
4170	3545
4171	3990
4172	3566
4173	3524
4174	3606
4175	3549
4175	3659
4175	4093
4176	830
4176	3531
4176	3557
4176	3660
4176	3856
4177	3664
4178	3636
4179	4180
4181	3627
4182	3643
4183	1135
4184	320
4185	4055
4186	4095
4187	3938
4188	3616
4188	3776
4189	3611
4190	3578
4191	3646
4192	3524
4192	3876
4193	3931
4194	3960
4195	3531
4196	3549
4196	3550
4197	3660
4198	3611
4198	3718
4198	3835
4199	3604
4200	4008
4201	3525
4202	3961
4203	3654
4204	3524
4204	3597
4205	2578
4206	3557
4207	3549
4207	3659
4208	3788
4209	3949
4210	3721
4211	4115
4212	3990
4213	3568
4213	3569
4213	3608
4213	3695
4214	3768
4215	3982
4216	3952
4217	3608
4218	3853
4219	3632
4219	3696
4220	3742
4221	3564
4222	3616
4222	3776
4223	3990
4224	3807
4225	3538
4226	4097
4227	3808
4228	3551
4229	3949
