unconnected_node_id
2819
3847
2570
2584
3993
3865
3864
2717
3869
4132
2215
2216
2217
2351
2610
3639
2748
4156
2494
3646
3645
2753
2761
2250
2251
2252
3786
2510
4170
3915
4047
3544
3929
3545
2649
3546
3933
3800
2399
4191
3581
3687
2408
2409
3688
2411
2674
2680
2685
2947
2948
3095
3354
3488
3361
2979
2980
3110
2983
3494
3241
3371
3501
3121
3122
3252
3000
3001
3002
3003
3391
3264
3272
3018
3147
3149
3409
3411
3157
3421
3043
3044
3045
3046
3047
3051
3052
3325
3326
3456
3330
3074
3076
3077
3075
3334
3214
2963
3097
3098
2972
2973
158
159
3235
3507
3253
3384
3385
3512
3006
3398
3143
3403
3152
3426
3300
3179
3180
3316
500
3453
3198
3455
648
138
139
787
408
3491
687
433
434
3258
3259
3004
3005
706
581
715
723
247
3163
359
360
234
235
236
759
760
1275
2178
1923
1939
2067
1685
1686
1948
1949
1950
1825
1698
1699
2086
2087
2088
2107
1868
2125
1744
2001
2128
2007
2019
1893
2024
2029
4225
4133
3623
3624
4013
4148
4024
4025
3517
3518
4031
3520
3519
3527
3528
3661
3919
3536
3537
3535
3539
3540
3538
3675
3676
3805
2820
2713
2336
2721
2598
2854
2487
2495
2430
2248
2249
2638
2641
2390
2650
2270
2271
2272
2544
2545
2551
2810
2428
2429
2686
3458
3203
2965
2966
2967
2968
2969
3484
3360
3108
3387
3133
3134
3135
3142
3148
3430
3431
3435
3061
3062
3063
3064
3068
385
386
4
5
390
653
654
18
416
805
294
428
47
564
699
449
705
336
741
742
363
638
2690
2691
2442
2575
2452
2470
2855
2220
2221
2222
2863
2605
2873
2878
2623
2624
2253
2778
2547
2880
2557
3874
3778
2692
2757
2758
2693
4102
2635
2828
2829
2542
3711
2364
2365
2879
3200
3201
3395
3048
3022
3343
3023
3442
3412
3381
3511
3355
3260
3261
3454
2273
2274
2882
2689
2856
2729
2473
2764
2446
2447
2773
2877
2398
3242
3243
3244
3277
3245
3246
3506
3187
3188
3317
3287
3228
3229
419
420
197
198
3396
2924
2925
688
689
3410
2901
3254
454
616
201
202
361
655
792
345
284
285
798
1922
1989
1990
1991
2075
2058
2059
2034
2043
1790
1791
388
1543
809
810
811
971
13
970
1583
1594
96
97
747
175
176
177
627
789
471
221
1891
1892
1959
1996
2093
2011
2012
1757
1758
2111
1856
2150
1876
2004
1877
1910
2104
2133
1854
1855
3616
3776
4164
3615
3789
3775
3986
4188
4222
3679
2242
2243
2244
2647
2471
2539
2770
2804
2807
2952
2953
2954
2955
3307
3055
3056
3059
3197
3932
3983
3761
3762
3797
3672
3673
3674
3770
68
69
455
461
590
367
366
1271
3041
3084
3085
1648
919
920
1658
1115
3177
3178
1296
1297
980
981
982
3289
1092
1643
1557
1589
1082
1083
1437
1214
2119
1967
1968
1969
2415
2581
2486
2815
2337
2883
2536
2537
2858
2228
2229
2644
2790
2281
2282
2412
2508
2703
2554
2842
3296
3270
3499
2989
2990
2991
3373
3153
3401
3369
3115
3445
3415
3452
3038
3039
4005
4199
3984
3603
3604
3991
3992
4123
3362
677
678
783
784
3027
3099
1615
1527
952
953
1243
1116
1599
1775
1872
1776
2109
1724
1725
1726
1729
1730
2151
1803
2000
1937
1938
3586
3747
3746
3703
2101
3863
3704
2786
2728
2762
2443
2444
2360
2361
2913
3425
3402
3193
3194
3195
3196
3329
3173
3493
2920
2921
3112
3230
3489
2958
2959
3250
3251
3189
3066
3364
3365
3463
3386
3352
3290
3291
3521
3522
3780
3693
4048
3706
3707
4036
3718
4198
3610
3611
4189
3835
3628
3629
3791
3798
3802
3803
3804
114
601
58
59
605
57
258
259
391
620
269
95
320
3686
559
3795
4184
319
1696
1697
2021
2197
2134
1982
2321
2322
2643
2714
2234
2235
2860
2421
2422
2455
2744
2652
2637
2513
2514
2515
2516
2517
2821
2540
2541
2709
2552
2558
2875
2671
2549
2550
2651
2813
2917
2918
3399
3088
3479
3422
3107
3397
3181
3182
2970
2971
3532
4178
3635
3636
3708
4029
4160
3905
3563
3564
4079
4221
3713
3889
4114
3576
3577
4028
3787
3788
3600
3601
4208
3740
3621
3622
3655
3656
3657
4026
4137
3858
3859
3860
4019
4086
396
758
534
188
702
205
206
567
666
411
771
646
423
331
332
943
944
2841
2520
2521
1733
1734
1930
1870
1840
1740
1741
2195
2170
1981
2145
1827
1828
1838
2006
2117
1895
1896
2192
2103
2628
2700
2509
2774
2230
2247
2413
2414
2611
2392
2861
2289
2449
2290
2460
2788
2326
2327
2777
2779
2891
2769
2738
2389
2462
2465
2406
2407
2867
2555
2560
2730
2491
2492
2559
3492
3374
2930
2931
3413
3012
2935
2962
3094
2934
3009
3010
3186
3417
3418
3265
3337
3338
3053
3054
4059
3975
4010
3515
3516
3552
3553
4035
4052
3997
3977
3852
3853
3854
4218
402
443
108
757
112
695
743
111
489
178
490
491
961
962
1282
1462
1501
1323
1253
1414
1448
1634
1755
1447
1768
1972
2037
1767
2121
1998
2053
1806
3144
3332
1934
1935
2025
2026
1940
2028
1970
1971
1980
1995
2233
2732
2373
2374
2283
2284
2670
2439
2304
2562
2563
2303
2849
2333
2798
2615
2576
2893
2349
2350
2656
2827
2868
2639
3836
2837
2830
2831
3464
3359
3262
2919
3224
2945
2946
3351
3466
2981
2982
3255
2992
2985
2986
2993
3320
3042
3470
3471
3057
3170
3169
3311
3136
3100
3109
3414
3472
3123
3124
3125
3192
3313
3392
3269
3978
3579
3580
3831
3950
3677
3678
4143
4113
4011
3683
3755
4009
4020
3725
3726
4072
3745
3731
4071
3772
3732
3733
4116
3785
4220
3741
3742
3752
4021
3838
3751
3763
3764
4078
3846
4224
4130
3806
3807
4193
3931
4015
4151
4171
4212
3990
4223
4120
4075
4076
4117
4144
4186
4094
4095
0
3617
3514
441
548
405
448
552
732
456
457
458
512
563
780
866
867
877
1160
869
870
872
1424
871
1133
1077
1078
1484
1485
1486
1488
1489
1490
1584
1506
1581
1624
1625
3685
1672
1673
2036
1883
1716
1717
1920
2002
1756
1764
1765
2191
2172
1804
1805
1810
1811
2071
1826
1819
1820
2157
1878
1879
1880
1881
2169
2016
2017
1925
1952
1976
1951
2137
2187
2030
2082
2083
2181
2224
2799
2223
2236
2381
2380
2400
2245
2246
2809
2278
2279
2280
2543
2752
2297
2298
2707
2328
2309
2463
2312
2313
2401
2315
2316
2743
2320
2645
2319
2329
2330
2812
2344
2345
2453
2522
2370
2701
2376
2377
2630
2538
2387
2846
2456
2740
2388
2496
2534
2391
2789
2410
2634
2416
2881
2722
2696
2417
2418
2432
3469
2431
2816
2500
2501
2657
2530
2793
2736
2546
2695
2633
2772
2572
2784
2595
2782
2864
2603
2604
2800
2618
2619
2667
2668
2669
2825
2890
2677
2851
2734
2735
2768
2742
2767
3184
2885
3183
2904
2905
3146
3160
3161
2926
2932
2933
3461
2956
2957
3279
2996
2997
3382
3016
3017
3103
3376
3019
3020
3394
3420
3021
3025
3026
3303
3069
3070
3071
3468
3086
3087
3380
3101
3102
3113
3199
3271
3137
3138
3215
3208
3308
3390
3281
3282
3283
3404
3405
3406
3424
3432
3423
3560
3561
3810
4168
3574
3575
3857
3690
3590
3594
3595
4110
4174
3605
3606
3640
3641
3642
3664
4177
3665
3666
3667
4150
3681
3682
3765
3899
3684
4038
3689
3910
3911
4040
3701
3702
3721
3722
4210
3729
3730
3947
3987
3750
4039
4089
3756
3757
3841
4147
3790
3816
3850
3815
4018
3818
4111
3920
3819
3820
3884
3885
3886
3976
3981
3943
3945
3946
4051
4209
3949
4229
3960
4194
3959
3988
3989
4070
4121
3998
3999
4008
4200
4007
4139
4098
4122
4109
4158
4159
4154
4141
4142
2
3
66
67
109
110
117
118
531
207
212
213
214
215
228
229
362
237
244
245
472
253
315
542
350
351
354
355
356
543
736
364
384
383
598
399
452
453
466
467
484
477
1288
522
545
546
561
724
644
597
602
748
609
721
624
733
674
675
696
767
868
1612
888
887
979
1399
1040
1041
1056
1515
1100
1423
1147
1148
1219
1220
1280
1409
1299
1444
1309
1310
1324
1574
1626
1325
1537
1538
1568
1569
1680
1681
1682
1683
1690
1918
1692
1693
1700
1701
1707
1708
1720
1721
1728
1727
1731
1732
2076
1749
1753
1754
1809
2027
1858
1812
1817
2003
1824
2165
1829
1830
1832
1831
2077
1839
2176
1875
1904
1903
2080
1917
1931
1932
1956
1957
1965
1966
1973
1974
1992
1993
2210
2014
2050
2051
2056
2057
2060
2061
2072
2081
2129
2130
2226
2227
2458
2237
2268
2269
2317
2277
2746
2291
2293
2294
2296
2295
2301
2302
2307
2308
2352
2310
2427
2311
2755
2318
2331
2332
2339
2340
2346
2787
2347
2348
2353
2354
2362
2363
2368
2369
2393
2655
2394
2710
2857
2396
2404
2405
2419
2420
2424
2876
2426
2679
2434
2870
2436
2437
2739
2438
2450
2684
2451
2583
2765
2469
2480
2481
2488
2528
2640
2499
2505
2835
2506
2507
2525
2526
2531
2532
2533
2719
2567
2535
2899
2556
2785
2566
2859
2571
2588
2687
2832
2599
2613
2614
2616
2617
2620
2900
2625
2626
2648
2897
2664
2663
2712
2682
2749
2750
2898
2780
2888
2781
2792
2845
2805
2806
2824
2823
2852
2853
2902
3111
3428
2908
3475
2910
2912
2911
2922
2923
2929
3058
2936
2937
2938
2939
2940
2941
2942
2943
2964
3342
2977
2978
2987
2988
2994
2995
3008
3460
3500
3013
3014
3015
3028
3029
3030
3031
3037
3485
3040
3273
3393
3060
3067
3278
3072
3073
3477
3078
3285
3079
3080
3081
3082
3083
3185
3091
3092
3093
3096
3462
3105
3106
3128
3129
3139
3140
3378
3141
3145
3473
3451
3150
3154
3155
3213
3159
3164
3165
3174
3175
3206
3207
3217
3218
3219
3220
3346
3221
3225
3226
3232
3231
3236
3237
3433
3247
3268
3502
3306
3295
3301
3302
3497
3319
3322
3450
3323
3324
3357
3335
3339
3340
3344
3345
3347
3348
3498
3434
3483
3437
3443
3444
3446
3447
3486
3487
3504
3505
4201
3525
3526
4087
3529
3727
3953
3554
3558
3559
3697
3562
3916
3565
4042
3589
3592
3591
3598
3599
4096
3602
3612
3613
4033
3614
3921
3620
3627
4181
3710
3647
3649
3650
3668
3669
3670
3671
3698
3699
4112
3700
4002
3709
3714
3821
3716
3717
3728
3825
3954
3735
3737
3918
3851
3743
3748
3749
3940
3759
3914
3782
3793
3794
4138
3799
3808
4227
3811
3812
3813
3814
3822
3823
3829
3830
3842
4140
4105
3844
3861
3862
4066
3870
3872
3873
4090
3887
3902
3903
3904
4049
3926
3927
3936
3937
3955
3956
3961
4202
3962
3963
3965
3966
4017
3967
3968
3969
3973
3974
3979
3980
3982
4215
4003
4004
4034
4167
4104
4057
4129
4074
4088
4118
4097
4226
4169
4108
4115
4211
4161
4124
4125
4126
4128
4127
4136
4135
4179
4180
