unconnected_node_id
2562
1284
2564
2565
1287
1292
2702
1294
2704
2706
2707
2582
2583
1917
2615
2488
2489
2619
2556
2628
2644
1257
2153
1259
1264
2417
1267
1273
1916
1277
614
1767
1768
1769
1770
1771
1772
1773
2698
2699
2700
2701
2154
2581
2584
1274
1897
1898
1899
1900
1901
1902
2610
2611
2260
2038
1181
2576
627
2573
631
976
833
1965
982
2272
2617
2618
837
2002
2003
2004
2005
2905
2459
2460
2892
279
278
1023
410
331
411
544
621
1574
2571
902
903
1032
2231
1744
2824
2163
2703
2675
2676
2677
2934
2932
2926
184
126
234
973
2113
575
656
761
756
2045
824
1704
2043
829
848
2625
861
966
865
1674
1024
913
937
2630
1042
2087
1059
1055
1290
2627
2184
1324
1545
1378
1528
1523
1766
1647
1703
1695
1698
1699
2568
1747
1992
1762
2273
1798
1801
1799
1892
2655
1904
1903
1933
1934
2130
2131
2257
2258
2265
2266
2515
2511
2513
2514
2516
2517
2574
2575
2603
2612
2641
2731
2652
2653
2787
2788
2819
2820
2904
2902
2906
2903
