node_id	node_id
0	1636
0	1638
0	2357
1	1224
1	1955
1	2167
2	1
2	1076
2	1098
2	1882
2	2167
2	2423
2	2558
3	253
3	254
3	507
4	378
5	1082
5	1098
5	1198
5	1229
6	446
6	450
7	1101
7	1198
7	1220
8	1305
9	359
9	1099
9	1873
9	2224
10	1358
11	1312
11	2326
13	14
13	1842
14	566
14	1842
14	2917
14	2918
14	2920
15	27
15	566
15	574
15	579
15	599
15	1150
15	1499
15	1853
16	566
16	1016
16	1520
17	11
17	93
17	508
17	537
17	1238
17	1305
17	1312
17	1325
17	1335
17	1348
17	1384
17	1394
17	1432
17	1438
17	1693
17	1873
17	2218
17	2223
17	2224
17	2239
17	2332
17	2495
17	2529
17	2786
17	2873
18	675
19	620
19	638
20	1075
20	2520
21	387
21	1243
22	1243
22	1881
23	1305
23	1366
23	1374
23	1541
24	359
24	1113
24	1142
24	1424
24	1823
24	1826
24	2177
24	2332
25	54
25	86
25	103
25	191
26	2466
27	29
27	50
27	57
27	58
27	67
27	82
27	1492
27	1827
27	2466
28	90
28	938
28	1058
29	100
29	109
29	745
29	2466
30	111
31	37
31	49
31	50
31	57
31	94
31	121
31	122
31	123
31	133
31	169
31	190
32	191
32	1492
32	1865
33	30
33	47
33	54
33	59
33	62
33	82
33	84
33	86
33	94
33	100
33	102
33	103
33	106
33	109
33	110
33	111
33	115
33	124
33	131
33	136
33	152
33	191
33	192
33	204
33	618
33	745
33	1058
33	1450
33	1471
33	1479
33	1492
33	1742
33	1865
33	2375
33	2442
33	2466
33	2473
33	2482
33	2636
34	84
34	88
34	103
34	202
34	1742
34	1865
35	90
35	119
35	938
35	1058
35	1479
35	2442
35	2595
36	42
36	59
36	82
36	84
36	128
36	191
36	192
36	204
36	1492
36	1533
37	47
37	57
37	103
37	123
38	34
38	1865
39	83
40	1521
41	34
41	82
41	119
41	141
41	1865
41	2636
42	34
42	54
42	82
42	1319
42	1492
42	1865
42	2636
43	120
43	237
43	249
43	292
43	295
43	754
43	1058
43	1493
43	1865
43	2375
43	2466
44	54
44	82
44	1865
45	50
45	84
45	94
45	190
45	191
45	1192
45	1865
46	84
46	781
46	1620
46	1865
46	2636
46	2662
47	65
47	84
47	191
47	1563
47	1865
47	2589
47	2636
48	55
48	87
48	104
48	109
48	191
48	1865
48	2636
49	45
49	183
49	190
49	1192
50	47
50	94
50	103
50	191
50	1058
50	2466
50	2482
51	90
51	119
51	938
51	1058
51	2442
52	61
52	898
52	1620
52	1865
52	1880
52	2636
53	103
53	141
53	1865
53	2636
54	45
54	103
54	119
54	196
54	202
54	1865
54	2636
55	84
55	87
56	1041
56	1865
56	2636
57	37
57	47
57	49
57	53
57	103
57	121
57	122
57	190
58	45
58	84
58	122
58	190
58	1192
59	50
59	1865
59	2466
60	37
60	45
60	49
60	50
60	57
60	84
60	94
60	121
60	122
60	123
60	169
60	190
60	1192
60	1492
61	1865
62	102
62	350
62	1494
62	1865
62	2375
63	47
63	68
63	84
63	87
63	131
63	134
63	141
63	1058
63	1609
63	1865
64	49
64	50
64	82
64	84
64	92
64	93
64	94
65	84
65	191
65	1620
65	1865
65	2636
66	84
66	86
66	87
66	88
66	96
66	113
66	191
66	192
66	549
66	1450
66	1479
66	1865
66	2466
67	32
67	47
67	1599
68	47
69	102
69	1620
69	1865
70	83
70	101
70	102
70	237
70	1450
70	1865
70	1881
70	2375
70	2636
71	84
71	1865
71	2068
72	48
72	55
72	87
72	104
72	109
72	1865
72	2636
73	237
73	377
73	672
73	1476
73	1477
73	1620
73	1865
73	2375
73	2636
74	54
75	178
75	192
75	1620
75	1865
75	2636
77	59
77	95
77	1451
77	2466
77	2479
78	47
78	84
78	86
78	191
78	1865
79	156
79	1620
80	82
80	1865
81	119
81	191
81	708
81	1865
81	2442
82	54
82	59
82	100
82	191
82	192
82	196
82	1865
82	2466
82	2636
83	84
83	1316
83	1319
83	1350
84	86
84	1620
84	1865
84	2636
85	110
86	53
86	54
86	82
86	84
86	103
86	106
86	109
86	191
86	745
86	1865
86	2262
86	2473
88	191
88	1865
88	2636
89	47
89	59
89	96
89	191
89	192
89	248
89	566
89	574
89	626
89	880
89	893
89	1150
89	1198
89	1204
89	1234
89	1238
89	1394
89	1475
89	1479
89	1520
89	1680
89	1816
89	1865
89	2069
89	2135
89	2140
89	2143
89	2195
89	2212
89	2224
89	2226
89	2442
89	2683
89	2717
89	2744
90	938
90	1058
91	47
91	94
91	1620
91	1865
91	2636
92	84
92	93
92	113
92	1305
92	1865
93	101
93	102
93	109
93	237
93	1865
93	1881
93	2375
93	2495
93	2636
94	47
94	65
94	84
94	190
94	191
94	204
94	1865
94	2589
95	59
95	1865
96	119
96	719
96	1479
96	1865
97	84
97	173
97	191
97	1521
98	726
98	2117
98	2274
99	1492
100	86
100	1057
100	1865
100	2466
101	47
101	102
101	350
101	1962
101	2375
102	191
102	350
102	1494
102	2636
103	191
103	1865
105	55
105	87
106	84
106	204
106	1865
106	2482
107	32
107	33
107	53
107	55
107	84
107	86
107	109
107	124
107	191
107	548
107	1492
107	1524
107	1865
107	2466
108	33
108	48
108	55
108	87
108	107
108	109
108	624
109	86
109	87
109	618
111	152
111	1865
112	1451
112	1533
112	2636
113	114
113	191
113	549
113	1524
113	2466
114	86
114	88
114	113
114	191
115	86
115	106
115	191
115	1492
116	87
116	191
116	1450
116	1865
117	47
117	65
117	84
117	191
117	1865
117	2636
118	61
118	191
119	103
119	141
119	1865
120	86
120	726
121	103
121	191
121	1865
122	49
122	2589
123	37
123	45
123	47
123	49
123	50
123	57
123	58
123	64
123	102
123	103
123	121
123	122
123	136
123	169
123	190
123	191
123	1192
123	1492
123	1563
123	1982
123	2441
123	2444
123	2589
124	84
124	87
124	103
124	117
124	191
124	1450
124	1865
124	2068
125	1488
125	1568
125	2375
127	59
127	237
127	1477
127	1584
127	1865
127	2589
128	82
129	103
129	191
129	745
129	1160
129	1469
129	1865
129	2463
129	2739
130	90
130	119
130	192
130	938
130	1058
130	1562
130	1865
130	2442
130	2595
131	47
131	925
131	1475
131	1563
131	2636
132	39
133	37
133	45
133	49
133	50
133	57
133	58
133	84
133	94
133	103
133	121
133	122
133	123
133	169
133	190
133	1192
134	47
134	87
134	131
134	1488
134	1865
134	2375
135	84
135	106
135	113
135	550
135	574
136	47
136	191
137	25
137	33
137	87
137	109
137	132
138	34
138	103
138	1865
140	30
141	84
141	88
141	191
141	618
141	1865
141	2636
142	35
142	87
142	109
142	420
143	95
143	191
143	192
143	1865
144	27
144	45
144	89
144	110
144	111
144	1224
144	1865
144	2068
144	2880
145	663
145	728
146	82
146	191
146	1492
146	2636
147	61
147	118
147	191
148	35
148	51
148	90
148	119
148	938
148	1058
148	1865
148	2442
148	2595
149	42
149	54
149	82
149	102
149	122
149	124
150	26
150	100
151	59
151	95
151	191
151	1865
152	111
153	47
153	1402
153	1865
153	2155
154	103
154	120
154	1865
155	156
155	1865
156	191
156	1620
156	1865
156	2636
157	202
157	517
157	1753
157	1865
158	42
158	54
158	82
158	1316
158	1865
159	50
159	58
160	53
160	54
160	100
160	103
160	1865
160	2466
161	73
161	173
161	237
161	295
161	1865
161	2375
161	2418
162	103
162	1222
162	1550
162	1795
162	1865
163	37
163	47
163	49
163	57
163	58
163	103
163	121
163	122
163	123
163	190
163	203
163	2444
164	82
164	2466
164	2528
164	2636
165	736
165	926
166	25
166	191
166	1865
167	191
167	204
168	87
168	103
168	117
168	1865
169	88
169	121
169	192
169	1865
170	47
170	49
170	50
170	57
170	58
170	84
170	122
170	123
170	133
170	135
170	190
170	550
170	585
170	1492
170	1982
171	86
171	1794
171	1865
172	33
172	54
172	59
172	65
172	82
172	86
172	103
172	106
172	120
172	191
172	1865
172	2466
173	33
173	1492
173	1521
174	62
174	110
174	1471
174	1488
174	1494
174	2375
175	42
175	45
175	47
175	49
175	53
175	82
175	141
175	191
175	192
176	104
177	84
177	1484
177	2636
177	2987
178	1865
178	2636
179	72
179	82
179	84
179	120
179	196
179	726
179	1865
179	2375
180	1753
180	1865
181	57
181	96
181	581
181	626
181	1865
181	2421
181	2422
182	100
182	192
183	45
184	126
185	34
185	54
185	82
185	119
185	141
185	1865
185	2466
185	2636
186	47
186	50
186	102
186	141
186	1865
186	2442
187	95
187	192
187	1865
188	442
188	481
188	1235
189	676
190	47
190	65
190	84
190	94
190	191
190	738
190	1563
190	1865
190	2589
191	65
191	84
191	204
191	1620
191	1865
191	2474
191	2636
192	121
193	50
193	52
193	59
193	96
193	102
193	113
193	150
193	191
193	192
193	1865
193	2482
193	2636
194	676
195	83
195	1319
195	2332
196	1742
196	1873
197	50
197	52
197	59
197	96
197	102
197	113
197	150
197	191
197	192
197	1865
197	2482
197	2636
198	745
198	1865
199	745
199	1865
199	2311
200	109
200	446
200	952
200	1865
200	2616
200	2636
201	84
201	1484
201	2636
201	2987
202	1865
203	47
203	49
203	57
203	106
203	123
203	135
203	2442
203	2444
204	84
204	1865
205	353
205	2375
206	253
206	353
206	402
206	2375
206	2536
208	353
208	2375
209	353
209	2375
210	207
210	245
211	372
211	2375
212	2375
213	207
213	353
213	2375
214	207
214	353
214	2375
215	207
215	353
215	2375
216	372
216	2375
216	2762
217	73
217	104
217	237
217	672
217	894
217	2636
221	2375
222	237
222	243
222	1488
222	2375
223	225
223	353
223	418
223	2375
223	2504
224	219
224	667
224	752
224	2375
225	2375
226	300
227	207
227	210
227	237
227	239
227	244
227	245
227	265
227	268
227	286
227	2335
227	2375
228	218
229	250
230	240
230	2030
231	239
231	2375
232	353
232	651
233	342
233	537
233	1579
233	2375
234	973
235	337
235	2375
236	353
237	343
237	1865
237	2375
238	244
238	1476
238	2375
239	2191
239	2375
240	2375
240	2570
241	303
241	2375
242	47
242	73
242	102
242	241
242	933
242	1058
242	2636
243	2375
244	239
244	265
244	2280
244	2375
245	207
248	910
249	237
249	268
249	286
249	2335
250	372
251	356
252	353
252	378
252	2375
254	3
254	253
255	959
255	2375
255	2520
257	2375
258	271
258	2375
259	342
259	2375
260	239
260	2375
261	2375
262	246
262	368
263	2375
264	372
264	2375
264	2461
265	244
265	2375
266	353
266	448
266	673
266	708
266	2375
267	4
267	208
267	247
267	252
267	258
267	263
267	271
267	333
267	364
267	378
267	383
267	418
267	421
267	424
267	426
267	427
267	428
267	430
267	441
267	442
267	443
267	446
267	448
267	450
267	456
267	468
267	469
267	472
267	474
267	475
267	497
267	511
267	651
267	1685
267	1775
267	1995
267	2350
267	2351
267	2375
267	2849
267	2895
268	237
268	343
269	267
269	270
269	451
269	452
269	474
270	252
270	372
270	386
270	435
270	451
270	455
270	456
270	470
270	474
270	481
270	1685
270	2375
271	378
271	441
271	2375
272	369
273	2123
273	2375
274	378
275	274
275	372
275	378
276	2375
277	1995
277	2375
278	279
279	278
281	2375
282	237
282	268
282	286
282	1494
283	469
283	472
283	474
284	257
285	391
285	2375
286	237
286	268
286	343
286	2375
287	359
287	1185
287	2375
287	2546
287	2547
288	2375
289	207
289	210
289	245
289	250
289	253
289	507
289	2375
290	237
290	249
290	1493
291	207
291	2375
292	237
292	249
292	350
292	1493
293	372
294	2375
295	73
295	754
295	1488
295	2375
296	2375
297	1476
297	2616
298	1568
298	2375
298	2402
298	2406
299	2375
300	2853
301	1475
301	2375
302	2375
303	2375
303	2636
304	342
304	2375
305	342
305	394
305	2169
305	2375
306	2375
307	2191
307	2375
308	2191
309	258
310	258
311	2375
312	1488
312	2375
313	252
313	267
313	441
313	442
313	446
313	450
313	474
313	1995
313	2351
313	2375
314	267
314	269
314	270
314	283
314	452
314	2413
315	207
315	2375
316	256
316	2375
316	2502
316	2985
317	207
317	259
318	273
318	322
318	355
318	2123
318	2375
319	274
319	275
319	372
320	218
320	255
320	669
320	755
320	978
320	1018
320	1394
320	1530
320	2140
320	2213
320	2215
320	2224
320	2375
320	2468
320	2520
320	2529
320	2774
321	2375
322	2123
322	2375
323	270
323	332
323	449
323	470
323	472
323	474
323	481
323	1995
323	2375
324	102
324	1568
324	2375
325	2375
326	2375
327	383
327	2375
328	243
328	327
328	1476
328	2616
328	2687
329	239
329	2375
330	250
330	387
330	409
330	2662
331	410
332	243
332	2375
333	4
333	258
333	271
333	426
333	441
334	388
334	2375
335	2375
336	239
336	418
336	2375
337	2375
338	264
338	387
339	207
339	210
339	245
339	247
340	300
340	359
340	400
340	445
341	304
341	342
341	2375
342	247
342	2375
343	237
343	268
343	2669
344	269
344	452
345	1150
345	2375
346	257
347	2375
348	2375
349	2375
350	102
350	237
350	1494
351	1463
351	2086
352	2375
353	2375
354	395
354	2375
355	273
355	322
355	2123
355	2375
357	239
357	2375
358	237
358	286
358	1493
360	354
360	2495
361	308
361	2191
362	2375
363	2375
365	216
365	332
366	332
366	2375
367	2648
368	2375
368	2512
369	272
370	2375
371	2526
372	348
372	2375
374	1488
374	1489
374	1568
374	2375
375	2662
376	332
376	384
376	449
376	1726
377	73
377	219
377	243
377	1476
377	2503
378	2375
379	2375
381	2375
382	210
382	2375
383	2375
384	250
384	2375
385	446
385	447
385	455
385	492
385	493
385	511
385	651
385	2160
385	2849
386	385
386	447
386	455
386	511
386	651
387	224
387	264
387	266
387	385
387	386
387	448
387	507
387	651
387	752
387	2375
388	2375
389	359
389	2224
389	2495
391	285
391	2030
391	2375
392	332
392	376
393	220
393	258
393	2375
394	342
394	2375
395	244
395	342
395	2375
396	236
397	2375
398	101
398	102
398	350
398	1481
398	1494
399	2375
400	244
400	1881
400	2224
400	2375
401	332
402	2375
403	1021
403	1489
403	2375
404	273
404	355
404	2123
404	2375
405	323
405	332
405	421
405	441
405	449
405	469
405	1995
405	2375
406	332
406	449
406	460
406	474
406	2375
407	243
407	327
407	2375
407	2616
408	2375
411	410
412	264
413	2375
414	84
415	73
415	299
416	332
416	2375
417	73
417	299
418	207
418	225
418	245
418	2375
419	458
420	1995
421	463
421	1995
422	258
422	446
422	490
422	498
422	511
422	1995
422	2375
423	4
423	474
423	924
424	472
425	500
425	511
426	266
426	378
426	448
426	1008
426	2375
427	378
428	472
429	430
431	354
431	459
431	472
431	1995
432	1147
433	283
433	332
433	474
434	433
434	447
434	481
434	2298
434	2299
435	385
435	386
435	455
435	511
435	651
435	2849
437	421
437	441
437	449
437	462
437	1995
438	4
438	2375
439	455
439	1995
440	428
441	442
441	474
441	2375
442	441
442	474
443	1995
444	443
444	459
444	1995
445	1568
446	2616
447	472
448	708
449	4
449	271
449	384
449	421
449	426
449	462
449	463
449	474
449	481
449	1995
449	2375
451	4
451	252
451	266
451	267
451	271
451	441
451	449
451	454
451	457
451	481
451	1726
451	1778
451	1779
452	4
452	267
452	269
452	271
452	451
452	470
453	441
453	442
453	445
453	472
453	474
453	2375
454	188
454	252
454	353
454	426
454	441
454	469
454	474
454	501
454	2375
455	364
455	430
455	445
455	2375
457	2375
458	2375
459	443
459	1995
460	421
460	449
460	1995
461	421
461	430
461	449
461	1995
462	441
462	474
462	1995
462	2375
464	2616
466	472
467	35
467	90
467	119
467	130
467	148
467	173
467	472
467	481
467	938
467	953
467	1058
467	1562
467	1709
467	1802
467	1977
467	2296
467	2442
468	894
468	1865
468	2616
469	4
469	267
469	441
470	188
470	252
470	353
470	426
470	454
470	469
470	474
470	501
470	2375
471	472
472	428
473	427
473	474
474	252
474	332
474	458
474	2375
475	458
476	2375
477	21
477	125
477	2375
477	2402
477	2539
477	2894
478	125
478	2402
478	2408
478	2539
479	651
479	653
480	252
480	267
480	270
480	474
481	252
481	270
481	474
481	2375
482	441
482	2375
483	442
483	2375
484	1272
484	1791
485	258
485	457
485	486
485	2616
486	457
486	485
486	2616
487	271
487	419
487	453
487	456
488	431
488	443
488	459
488	1995
489	421
489	449
489	1995
490	1995
492	224
492	303
492	2375
494	249
494	456
494	481
494	1488
494	2375
495	494
496	263
496	2375
497	428
497	1605
498	319
499	2375
500	425
500	511
500	1628
501	82
501	426
501	445
501	2466
502	271
502	419
502	453
502	456
503	421
503	441
503	449
503	461
503	474
503	1995
503	2375
504	421
504	491
505	350
505	2375
507	244
507	245
507	291
507	372
507	480
507	2375
508	507
508	1394
508	1438
508	1669
508	1787
508	2529
509	289
509	372
509	407
509	512
509	2981
509	2983
510	207
510	291
510	372
510	2375
511	651
512	239
512	259
512	2981
512	2983
513	652
513	708
513	941
513	1454
513	1692
513	2987
514	766
514	875
514	1066
514	1475
514	2241
515	566
515	567
515	2219
515	2224
515	2741
515	2791
516	713
516	1475
516	2917
517	1475
519	2062
519	2063
520	523
520	711
520	1758
520	1802
520	1803
520	1886
520	1975
521	1986
521	1996
521	2062
522	1117
522	1220
522	2842
522	2882
523	12
524	2880
525	524
527	642
527	876
527	1761
528	1051
529	2988
530	1049
530	1150
531	1475
532	533
532	538
532	551
533	538
533	551
533	567
533	623
533	1312
533	2140
533	2224
533	2468
534	559
536	523
536	535
536	543
538	533
538	551
538	567
538	623
539	534
539	566
539	589
539	1633
540	534
540	584
540	638
541	567
541	574
541	685
541	1883
541	2791
542	567
542	1597
542	1880
542	1883
543	535
543	552
543	616
543	623
543	675
543	1514
543	2987
545	1579
546	535
546	552
546	616
546	623
546	675
547	86
548	32
548	86
548	572
548	1492
548	1827
548	2466
549	1932
550	574
550	579
550	1886
550	2423
551	1841
551	2917
552	616
552	623
552	675
552	2979
553	549
553	564
553	574
553	625
553	629
553	2418
554	517
554	551
554	574
555	787
555	1886
556	515
556	565
556	566
556	574
556	2219
556	2899
557	533
557	538
557	567
557	2717
557	2791
558	629
558	1633
558	1950
559	579
560	559
560	581
560	626
560	2069
560	2848
561	191
562	2791
563	574
563	626
563	737
563	1016
563	1475
563	1483
563	1520
563	1835
563	1886
563	2069
563	2070
563	2077
563	2534
564	14
564	551
564	566
564	574
564	576
564	1185
564	1499
564	1509
564	1835
564	1841
564	1850
564	1853
564	2512
564	2799
564	2899
564	2917
564	2918
564	2921
564	2924
564	2973
565	533
565	574
565	1509
565	2219
565	2224
565	2741
565	2791
565	2899
566	748
566	1150
566	2546
566	2791
566	2848
566	2917
566	2924
566	2950
567	533
567	551
567	1312
567	1879
567	2140
567	2224
567	2468
568	566
568	574
568	1101
568	1200
568	1201
569	249
569	537
569	616
569	1305
570	599
570	1509
570	2899
571	515
571	533
571	564
571	565
571	574
571	579
571	1509
571	2219
571	2224
571	2423
571	2717
571	2741
571	2791
571	2899
572	559
573	574
573	579
574	538
574	566
574	1150
574	1499
574	1841
574	1853
574	2076
574	2451
574	2917
574	2918
574	2921
574	2936
578	605
578	608
578	610
579	559
579	573
579	574
580	32
580	86
580	191
580	548
580	559
580	572
581	626
581	1016
581	1520
581	2069
581	2418
582	1520
582	2069
584	539
584	540
584	628
584	638
584	2076
585	554
585	559
585	574
585	579
585	1499
585	1712
585	2108
585	2423
586	1455
587	549
587	559
587	572
587	579
587	626
588	86
588	548
588	572
588	580
589	534
589	539
589	1633
590	537
590	551
590	564
590	566
590	574
590	577
590	583
590	586
590	617
590	620
590	626
590	628
590	634
590	638
590	1016
590	1499
590	1520
590	1537
590	1543
590	1579
590	1841
590	1848
590	1850
590	1853
590	1855
590	1856
590	1858
590	1932
590	2799
590	2848
591	565
591	566
591	2213
591	2741
592	1503
592	2212
592	2220
592	2228
593	633
593	1561
594	581
594	582
594	1886
594	2069
594	2418
594	2422
595	577
595	1841
596	574
596	2375
597	586
597	2848
598	566
598	574
599	515
599	533
599	538
599	564
599	574
599	579
599	1509
599	2219
599	2423
599	2717
599	2741
599	2791
599	2899
600	1554
600	2845
601	578
601	1555
602	1520
603	605
603	612
603	1555
603	1561
603	2602
604	578
604	605
604	607
604	608
604	609
604	612
604	1555
604	2424
604	2426
604	2602
605	578
606	600
606	2845
606	2846
607	578
607	605
607	609
607	612
607	1555
607	2602
607	2604
608	578
608	604
608	605
608	607
608	612
608	1555
609	603
609	604
609	612
609	1555
609	2424
610	578
610	605
610	612
610	1537
610	1841
610	1853
611	600
612	600
612	611
613	578
613	603
613	604
613	605
613	607
613	608
613	609
613	610
615	600
615	2846
616	552
616	675
616	692
617	86
618	2072
618	2076
619	566
619	1835
619	2924
619	2950
620	1579
621	544
623	538
623	551
623	574
623	1312
623	1361
623	1870
623	2140
623	2224
623	2468
623	2495
623	2741
623	2786
623	2791
624	86
624	107
624	109
624	574
625	1932
626	549
626	2418
627	631
627	2573
629	625
629	2418
630	564
630	565
630	573
630	574
630	1149
630	2133
630	2134
632	2605
633	1561
633	1853
633	2451
635	1479
635	1579
637	609
637	612
637	2424
638	549
638	1932
639	636
639	1932
640	1543
640	1841
640	1844
640	1847
640	1852
641	2216
641	2249
642	876
642	1761
642	2356
643	1886
644	2920
645	666
646	1814
648	669
648	716
648	799
648	880
648	1530
648	1597
648	1880
648	2176
648	2219
648	2520
648	2887
648	2987
649	652
649	659
649	1506
650	1870
650	2210
651	897
652	708
653	712
653	1129
653	1475
653	2387
654	725
654	880
654	886
654	915
654	1234
655	659
656	761
657	518
657	1881
658	878
658	879
658	1046
660	1915
660	1918
661	717
662	668
662	1463
662	1465
662	1466
663	2954
664	653
664	2402
664	2987
665	1599
666	721
666	2987
667	885
667	910
668	914
668	1463
668	1465
668	1466
669	320
669	648
669	891
669	923
669	959
669	1438
669	1530
669	2375
669	2520
669	2529
670	1451
671	47
671	84
671	103
671	141
671	1469
671	1865
672	73
672	237
672	2375
673	763
673	764
674	673
674	763
674	764
676	1865
677	1802
678	661
678	717
678	885
678	1021
678	1953
679	948
679	1624
679	1665
679	2823
680	1150
680	2101
680	2952
680	2954
680	2956
680	2958
680	2966
683	685
683	708
683	1464
684	1953
685	1883
685	2887
686	836
687	2662
687	2987
688	661
688	717
688	853
688	1021
688	1052
688	2806
689	718
689	935
689	1235
689	1814
689	2332
689	2746
690	1680
692	616
692	623
692	675
692	1841
692	2979
693	2634
694	724
694	2987
695	712
695	2987
696	1870
697	1915
699	898
699	923
699	1803
699	2487
699	2753
699	2754
700	684
700	1021
701	2739
702	1442
703	2090
703	2987
704	661
705	196
705	962
705	1034
705	1687
705	2224
706	708
706	2833
707	970
707	1021
708	891
708	917
708	924
708	965
708	2979
709	102
709	923
709	1620
709	1865
710	1060
710	1061
711	1061
713	2249
714	807
714	808
714	1654
714	1657
714	1661
714	1748
714	2310
714	2662
714	2987
715	919
715	2821
715	2830
716	728
716	1150
716	1880
716	1906
717	661
717	698
717	885
717	1052
718	935
720	1150
721	2987
722	1658
722	2987
723	1150
724	2987
725	717
725	886
725	898
725	1883
725	2375
725	2481
726	98
726	517
726	892
726	1450
726	1492
726	2068
726	2117
727	523
727	1835
727	2856
729	248
729	910
729	1234
729	1907
730	653
730	712
731	224
731	387
731	956
731	1494
731	1568
731	2375
732	727
732	931
732	1499
733	931
733	2399
734	727
734	1831
734	2591
734	2662
735	1814
736	926
738	1976
739	1687
740	1150
741	876
741	1761
742	653
742	712
743	2917
743	2918
744	951
744	1084
744	1870
744	2326
744	2455
744	2528
745	676
745	1865
745	2466
745	2482
746	1501
747	1475
747	2224
748	1150
749	1953
750	2987
751	660
751	862
751	930
751	981
751	2650
751	2654
752	922
753	1247
754	73
754	295
754	1488
754	2375
754	2636
755	255
755	472
755	1488
755	2375
757	706
757	708
757	965
757	2062
758	667
758	708
758	1022
758	2954
760	2224
761	656
762	876
762	1761
762	2356
763	673
763	2683
764	2987
766	875
766	2662
767	660
767	1909
767	1918
767	2224
768	708
768	932
768	1464
768	2437
769	698
770	2101
770	2955
771	1475
771	2958
771	2987
772	1583
773	54
773	1469
773	2636
773	2987
774	2987
775	2213
775	2224
775	2468
775	2774
776	863
778	724
779	2636
779	2987
780	962
781	1865
781	2987
782	1129
783	666
784	661
784	1021
785	809
785	1496
786	653
786	730
786	827
786	2990
787	643
788	1865
790	248
790	915
790	2329
790	2746
791	898
791	1150
791	2224
792	740
792	1150
793	653
794	102
794	923
794	1620
794	1865
795	52
795	61
795	248
795	716
795	728
795	880
795	886
795	898
795	915
796	941
796	1556
797	47
797	2463
797	2637
798	772
798	1583
799	300
799	359
799	685
799	716
799	728
799	789
799	852
799	1150
799	1298
799	1597
799	1880
799	1907
799	2375
799	2887
800	863
801	708
801	891
801	896
801	928
801	1150
801	1684
801	1887
802	507
802	1433
803	1802
803	2379
805	1488
805	2375
806	73
806	237
806	295
806	377
806	1476
806	1880
806	2375
808	1657
808	2987
809	708
809	785
809	1496
810	1802
811	1475
811	2375
812	239
812	2337
813	762
813	814
813	876
813	968
813	1761
813	2354
813	2356
814	762
814	876
814	1761
814	2356
815	1475
816	2399
817	818
818	102
819	710
819	711
819	1060
819	1061
820	659
820	2856
821	708
822	708
822	1475
823	192
823	880
823	883
823	886
823	915
823	2746
824	1704
825	948
825	954
825	1087
825	1098
825	1101
825	1120
825	1197
825	1224
825	1229
825	2779
825	2880
826	661
826	708
826	1752
826	1797
826	2662
827	786
828	1045
828	2034
829	2043
830	789
831	1150
831	2534
832	1150
833	976
834	1530
834	2520
835	2987
836	2175
836	2987
838	1803
838	2636
839	47
839	671
839	1298
839	1469
839	1563
839	1599
839	1683
839	2463
839	2637
839	2683
841	653
842	653
842	712
843	653
843	983
843	1688
844	955
845	448
846	681
846	739
847	1583
848	2625
849	851
850	851
850	2621
850	2622
850	2623
852	698
854	2090
855	73
855	242
855	894
855	1660
856	647
856	691
856	1475
856	1875
857	840
857	872
857	1216
857	2865
858	758
859	785
859	809
860	2987
861	966
862	930
863	2068
864	673
866	1814
866	2683
867	727
867	734
867	1752
867	1836
867	1886
867	2662
868	52
868	1865
868	1880
869	2683
870	667
870	875
871	2090
871	2987
872	743
872	1001
872	2865
873	885
873	2954
874	965
874	1475
875	1652
875	1964
875	2662
876	762
876	1761
876	2356
877	2664
878	879
880	725
880	898
880	915
880	929
880	962
880	1052
880	1880
880	2746
880	2881
881	661
881	684
881	698
881	717
881	804
881	853
881	885
881	1021
881	1052
881	1875
882	735
882	885
882	1021
882	2765
882	2954
883	1814
884	2636
884	2987
885	667
885	752
885	804
885	922
885	988
885	1052
887	738
887	1021
887	1709
887	1802
887	1803
887	2771
888	1045
888	1475
889	375
889	933
889	1468
890	724
891	708
891	917
891	965
891	2078
891	2302
891	2979
892	98
892	517
892	726
892	1450
892	2117
894	303
894	2375
895	2950
896	708
896	1150
898	725
898	886
900	875
901	954
902	903
904	98
904	517
904	726
904	1450
904	2117
904	2291
905	735
905	1814
905	1915
906	1150
906	2958
907	661
907	1098
907	2378
908	261
908	1045
909	708
911	2224
912	2175
913	1024
914	662
914	1027
914	1070
914	1463
915	725
915	883
915	886
915	898
915	962
915	2746
916	964
917	708
917	1061
918	708
918	891
918	1150
919	2830
920	1975
921	515
921	543
921	616
921	675
921	1427
921	2133
921	2495
922	1021
923	728
923	1814
923	1883
923	2068
924	820
925	84
925	191
925	1563
925	1621
925	2461
926	165
926	736
926	2683
927	1475
928	1006
929	962
930	660
930	1920
931	727
931	732
931	733
931	734
932	708
932	875
932	1464
932	2662
934	5
934	641
934	729
934	958
934	1174
934	1198
934	1204
934	1207
934	1226
934	1230
934	1234
934	1664
934	1813
934	2208
934	2216
934	2818
935	718
935	1129
935	1814
936	708
938	35
938	51
938	90
938	520
938	720
938	738
938	781
938	945
938	1150
938	1975
938	2636
940	1075
940	1530
941	2987
942	2068
943	962
944	957
945	90
945	720
945	938
945	1150
947	946
947	948
947	949
947	1634
947	2834
948	954
948	1021
948	1634
948	2834
949	946
950	924
951	1475
952	1488
953	109
953	192
953	467
953	938
955	2463
956	1488
956	2375
958	1198
958	1234
958	2772
959	1530
959	2520
960	1761
960	2356
961	720
961	1150
961	1886
961	2116
962	2645
963	517
963	876
963	1074
963	1475
963	1761
963	1836
963	1886
963	2042
963	2110
963	2597
963	2662
965	708
967	899
968	762
968	876
968	2356
969	1216
971	1234
971	2220
971	2226
971	2269
971	2547
972	738
972	887
972	1021
972	1709
972	1802
972	2771
974	1499
974	1752
975	886
975	2140
976	982
976	1965
977	957
977	1502
977	2534
978	472
978	755
978	956
978	1488
978	2375
979	2375
984	1150
984	1427
984	1475
985	2815
986	708
986	936
987	939
989	764
990	1870
991	764
991	1556
992	946
992	947
992	948
992	1020
992	1634
992	2834
993	749
994	713
994	1475
994	2249
995	750
996	1680
997	708
997	1497
997	2856
997	2857
998	517
999	895
1000	641
1000	934
1000	1693
1000	2195
1000	2216
1000	2238
1000	2744
1000	2786
1001	712
1002	947
1002	1020
1003	196
1003	780
1003	962
1003	2224
1004	24
1004	616
1004	941
1004	1305
1004	1873
1005	710
1005	711
1005	1061
1005	1678
1006	708
1006	1150
1007	652
1007	991
1007	1475
1007	2597
1008	266
1008	378
1008	448
1008	2375
1009	991
1009	1556
1010	1016
1010	1520
1010	1886
1011	660
1011	930
1012	945
1012	2662
1013	653
1013	664
1013	905
1013	2402
1013	2987
1014	1045
1015	380
1015	2375
1016	1051
1016	2066
1017	662
1017	914
1017	1027
1017	1070
1017	1463
1018	472
1018	755
1018	956
1018	978
1018	2375
1019	885
1019	2378
1020	946
1020	947
1020	2834
1022	738
1022	887
1022	1021
1022	1709
1022	1802
1022	1803
1022	2771
1023	278
1023	279
1025	757
1025	766
1025	875
1025	891
1025	997
1025	1509
1025	2241
1026	660
1026	767
1027	662
1027	914
1027	1463
1028	1499
1028	2111
1028	2534
1030	1499
1030	2111
1030	2534
1031	734
1031	1836
1031	2597
1032	1744
1032	2231
1033	82
1033	109
1033	130
1033	148
1033	192
1033	420
1033	467
1033	938
1033	953
1033	1865
1034	196
1034	780
1034	962
1034	2224
1035	762
1035	876
1035	2356
1036	954
1036	1021
1036	1634
1036	2834
1037	711
1037	1645
1037	1759
1038	380
1039	711
1039	843
1039	1645
1039	1759
1039	1979
1040	520
1040	1061
1041	1464
1041	2636
1043	1499
1043	2111
1043	2534
1044	734
1044	1836
1044	2597
1045	908
1045	2493
1046	878
1046	879
1046	2662
1047	1101
1047	1214
1047	2780
1048	2068
1048	2636
1049	1147
1050	741
1050	1761
1050	2356
1050	2370
1050	2372
1050	2373
1051	523
1053	1076
1053	2178
1054	2481
1055	1059
1056	2667
1058	47
1058	78
1058	84
1058	136
1058	191
1058	677
1058	922
1058	941
1058	1802
1058	1865
1058	1980
1058	2068
1058	2487
1058	2636
1058	2637
1060	710
1060	711
1060	819
1060	1061
1061	711
1063	711
1064	708
1064	711
1064	1061
1065	1748
1066	875
1067	714
1068	1748
1068	2662
1069	1075
1069	2520
1069	2521
1071	891
1071	1475
1072	876
1072	1761
1073	1150
1074	1475
1074	1687
1074	2198
1074	2597
1075	2521
1076	1094
1076	1098
1076	1298
1076	2558
1077	1098
1077	2775
1077	2880
1078	5
1078	1082
1078	1097
1078	1100
1078	1223
1078	2880
1078	2881
1079	1098
1080	5
1080	1081
1080	1082
1080	1083
1080	1097
1080	1100
1080	1610
1080	2880
1080	2881
1081	1082
1081	2880
1082	5
1082	1100
1082	1223
1082	1224
1082	2880
1083	1078
1083	1096
1083	1100
1083	1610
1084	1087
1084	1097
1084	1100
1084	1881
1084	2506
1084	2512
1085	1125
1085	1809
1085	2880
1086	2880
1087	1097
1087	1098
1087	1229
1087	2779
1088	2880
1089	517
1090	1394
1090	2786
1091	1079
1092	1078
1092	1096
1092	1097
1092	1100
1092	1133
1092	2841
1093	1125
1093	1809
1095	9
1095	359
1095	1096
1095	1097
1095	1149
1095	2224
1095	2245
1095	2287
1096	1097
1096	2880
1097	2880
1098	2097
1098	2880
1099	9
1099	1095
1099	1097
1099	1149
1099	2224
1100	1097
1101	1087
1101	1214
1101	1229
1103	359
1103	1084
1103	1106
1103	1149
1103	2134
1104	1105
1105	2601
1106	9
1106	359
1106	1096
1106	1097
1106	1127
1106	1142
1106	1149
1106	2224
1106	2245
1106	2287
1107	1098
1108	5
1108	1080
1108	1082
1108	1100
1108	1626
1108	2233
1108	2287
1108	2657
1108	2880
1109	1087
1110	1080
1110	1082
1110	1100
1110	1114
1110	1229
1110	2880
1111	1102
1111	1252
1111	1265
1111	1266
1111	1536
1111	2559
1112	1101
1112	1161
1112	1197
1112	2880
1113	2529
1113	2786
1114	1080
1114	1086
1114	1087
1114	1110
1114	1125
1114	1129
1114	1204
1114	1809
1114	1813
1114	2233
1115	1098
1115	1208
1115	2097
1116	2880
1117	1087
1117	2512
1117	2877
1118	2880
1119	1097
1121	1198
1121	1234
1122	1193
1123	2669
1123	2880
1124	929
1124	1082
1124	1198
1125	1093
1125	1229
1125	1809
1125	2880
1126	2880
1127	1082
1127	1097
1127	1100
1128	1087
1128	1097
1128	1148
1128	1224
1129	1814
1130	109
1130	952
1130	1211
1130	2616
1131	21
1131	2156
1131	2264
1131	2634
1131	2746
1132	21
1132	2156
1132	2264
1132	2634
1132	2746
1133	1096
1133	1097
1133	1098
1135	2512
1137	1101
1137	1151
1137	1927
1137	2775
1138	1464
1138	2173
1139	9
1139	574
1139	578
1139	608
1139	1087
1139	1088
1139	1102
1139	1149
1139	1229
1139	1880
1139	2134
1139	2880
1140	1217
1140	2135
1140	2292
1140	2346
1141	753
1141	1237
1141	1282
1141	1438
1141	1586
1141	1600
1141	1718
1141	1719
1141	1727
1141	1791
1141	1881
1141	1896
1141	2093
1141	2217
1141	2320
1141	2375
1141	2454
1141	2634
1141	2690
1141	2738
1142	1097
1142	1099
1142	1149
1142	1229
1142	2133
1142	2880
1143	1101
1143	1163
1143	1208
1143	1570
1144	1151
1144	1223
1145	1089
1145	1169
1145	1217
1145	1234
1145	1719
1145	2217
1145	2346
1145	2468
1145	2634
1145	2714
1145	2876
1146	1057
1146	1282
1146	1595
1146	2146
1147	1154
1147	2601
1148	1159
1149	1095
1149	1147
1149	1154
1149	2601
1152	1087
1152	1101
1152	1199
1152	1214
1152	1226
1152	2152
1152	2467
1153	1243
1153	2746
1154	1147
1154	2601
1155	1154
1155	2601
1157	2779
1158	2527
1158	2528
1158	2532
1158	2888
1159	1096
1159	1097
1159	1098
1159	1224
1159	1229
1159	2287
1159	2656
1159	2695
1160	129
1160	923
1160	1469
1160	1883
1160	2462
1160	2463
1161	1
1161	2167
1162	1117
1162	1170
1162	1509
1162	2216
1163	1098
1163	1143
1163	1208
1163	1211
1163	1838
1163	2097
1163	2287
1164	720
1164	748
1164	1150
1165	713
1165	1060
1165	1061
1165	1680
1165	1805
1165	2463
1167	1127
1167	2167
1167	2881
1169	1084
1169	1262
1169	1444
1169	1586
1169	1774
1169	2146
1169	2221
1169	2224
1169	2714
1169	2876
1170	248
1170	1117
1170	1162
1170	1509
1172	5
1172	2881
1173	1111
1173	1536
1173	2669
1174	729
1174	934
1174	1198
1174	1206
1174	1226
1174	1234
1174	1503
1174	2208
1175	720
1175	1475
1175	1886
1176	1087
1176	1117
1176	1509
1176	2512
1176	2877
1177	5
1177	248
1177	713
1177	1101
1177	1198
1177	1234
1177	1475
1177	1680
1177	2346
1177	2728
1177	2743
1177	2744
1178	9
1178	578
1178	608
1178	1087
1178	1102
1178	1139
1178	1880
1178	2449
1179	720
1179	961
1179	1886
1179	2116
1180	1147
1180	1154
1180	2601
1181	2038
1181	2260
1181	2610
1182	969
1182	1101
1183	1171
1183	1746
1183	2164
1184	1198
1185	1150
1185	1808
1185	2547
1185	2551
1185	2924
1187	1090
1187	1186
1187	1304
1187	1394
1187	2529
1188	950
1188	2856
1189	1101
1189	1220
1189	1521
1189	2885
1190	1521
1190	2534
1191	5
1191	248
1191	713
1191	771
1191	910
1191	927
1191	1175
1191	1198
1191	1234
1191	1475
1191	1483
1191	1680
1191	2242
1191	2527
1191	2529
1191	2728
1191	2743
1191	2744
1192	54
1192	103
1192	1550
1192	1865
1192	2512
1192	2636
1193	2463
1194	96
1194	1087
1194	2418
1195	1098
1195	1100
1195	2287
1195	2695
1196	96
1196	1087
1196	1094
1196	2418
1197	1087
1197	1101
1197	1112
1197	2780
1198	5
1198	1101
1198	1117
1198	1124
1198	1226
1198	1234
1199	1101
1200	1201
1200	2152
1201	1200
1201	1215
1201	1886
1202	1101
1203	5
1203	2346
1203	2880
1204	5
1204	934
1204	1124
1204	1198
1204	1234
1204	1592
1205	1101
1205	1198
1206	1198
1206	2208
1207	729
1207	934
1207	958
1207	1189
1207	1198
1207	1204
1207	1219
1207	1230
1207	1234
1207	2208
1207	2882
1208	1098
1208	2097
1209	934
1209	1198
1209	1207
1209	1221
1210	565
1210	934
1210	1198
1210	2219
1210	2717
1211	1163
1211	1838
1212	1198
1212	1234
1213	934
1213	1198
1213	1234
1213	2208
1213	2455
1213	2456
1213	2717
1215	1201
1215	2074
1215	2097
1216	1501
1216	2815
1217	2346
1218	1081
1218	1230
1218	2512
1218	2842
1219	729
1219	934
1219	1189
1219	1198
1219	1204
1219	1207
1219	1234
1219	2876
1219	2885
1220	1101
1220	1198
1220	1521
1220	2547
1221	1198
1222	103
1222	1865
1223	5
1223	1098
1223	1224
1224	1097
1224	1098
1224	1223
1224	1955
1225	1198
1225	1475
1226	5
1226	1101
1226	1198
1226	1199
1227	2173
1228	1087
1228	1229
1228	2880
1229	1087
1229	1097
1229	1098
1230	729
1230	1234
1230	1815
1230	1816
1230	2208
1230	2226
1230	2744
1232	5
1232	1198
1232	2952
1233	5
1233	934
1233	958
1233	1198
1233	1475
1233	1680
1233	2242
1233	2346
1234	5
1234	1124
1234	1198
1234	1592
1234	1813
1234	2882
1235	218
1235	2224
1235	2735
1236	1101
1236	1198
1236	1240
1236	2346
1236	2876
1237	1592
1237	1718
1237	1719
1237	2634
1237	2738
1238	1958
1238	2979
1239	1638
1239	2280
1240	1774
1240	2876
1240	2885
1241	1244
1241	1896
1243	2746
1244	1896
1245	2219
1245	2224
1245	2853
1246	1242
1247	1881
1247	2634
1247	2738
1248	2714
1248	2876
1249	2876
1250	2714
1250	2876
1251	1592
1251	2876
1252	1948
1253	753
1253	1256
1253	2140
1254	2691
1255	1586
1255	1774
1256	753
1256	1247
1256	2140
1257	1284
1257	2644
1257	2707
1258	1285
1258	1594
1259	1916
1259	2153
1260	718
1260	935
1260	1282
1260	1289
1260	1584
1260	1597
1260	2449
1261	1444
1261	1581
1261	1718
1261	2320
1261	2739
1262	1586
1263	1276
1263	1296
1264	2704
1265	2452
1266	1111
1266	1252
1266	1536
1266	1590
1266	2557
1267	2153
1268	1774
1269	359
1269	1279
1269	1774
1270	1586
1270	1591
1270	2634
1271	1270
1271	1444
1271	1809
1271	2320
1272	1276
1272	1282
1272	1286
1272	1587
1272	1590
1272	1597
1272	1791
1272	2449
1273	1916
1274	2581
1274	2699
1275	1720
1275	2454
1275	2690
1276	1296
1276	2853
1277	1264
1277	2562
1278	1881
1279	1881
1279	2634
1279	2738
1280	1252
1281	1256
1281	2140
1281	2141
1282	1584
1283	1587
1284	2704
1284	2707
1286	718
1286	749
1286	1282
1286	1289
1286	1584
1286	1590
1286	1597
1286	1791
1286	2884
1287	2704
1289	718
1289	935
1289	1584
1289	2449
1291	1262
1291	1589
1292	2704
1292	2707
1293	1595
1294	2489
1295	1262
1295	1582
1295	1586
1295	1648
1297	2690
1297	2691
1297	2739
1299	1311
1299	1330
1299	1337
1299	1352
1299	1354
1300	1305
1301	1368
1301	1415
1301	1534
1301	2524
1302	1377
1302	1404
1302	1729
1302	2377
1303	2523
1304	1113
1304	1186
1304	2228
1306	1733
1306	2358
1307	1729
1308	1322
1308	1364
1308	1369
1308	2874
1309	1310
1309	1357
1309	1639
1309	1739
1309	2203
1309	2526
1309	2853
1310	1368
1311	1332
1311	1522
1313	371
1313	1327
1314	1311
1314	1332
1314	1522
1315	1305
1317	1312
1317	2330
1317	2634
1318	1438
1319	83
1319	84
1319	1239
1319	1306
1319	1316
1319	1350
1319	1415
1319	2332
1319	2360
1320	1305
1320	1881
1321	2631
1323	1337
1323	2785
1324	2184
1325	925
1326	1359
1327	371
1327	1368
1328	24
1328	1424
1328	1823
1328	2177
1329	1814
1330	11
1330	1238
1330	1305
1330	1312
1330	1325
1330	1337
1330	1348
1330	1370
1330	1432
1330	1945
1330	2158
1330	2240
1330	2529
1330	2760
1331	1305
1332	1311
1333	1329
1333	1814
1334	1360
1334	1365
1334	1421
1334	1532
1334	1638
1334	2360
1335	11
1336	1299
1336	1311
1336	1326
1336	1337
1336	1344
1336	1352
1336	1354
1336	1359
1336	1739
1337	1310
1337	1368
1337	2526
1338	2529
1339	1305
1340	1310
1340	1357
1340	1638
1340	2853
1341	24
1341	359
1341	1142
1341	1238
1341	1328
1341	1367
1341	1424
1341	1823
1341	1826
1341	2177
1341	2324
1341	2332
1342	1321
1343	1321
1344	24
1344	1312
1344	2158
1344	2529
1344	2899
1345	11
1345	1305
1345	1330
1345	1370
1345	2326
1346	11
1346	1335
1346	1394
1347	1353
1347	1360
1347	1421
1348	515
1348	543
1348	565
1348	616
1348	675
1348	921
1348	1427
1348	1475
1348	2455
1348	2495
1348	2510
1349	1319
1351	1353
1351	1447
1352	1311
1352	1326
1352	1337
1352	1354
1352	2203
1354	1326
1354	1337
1354	1352
1354	1362
1355	1943
1356	2874
1357	1534
1358	1386
1358	1389
1358	2760
1361	1312
1361	2786
1362	1306
1362	1326
1362	1372
1362	1534
1362	1639
1362	1740
1362	2635
1363	1364
1364	1525
1365	1377
1365	1641
1365	2377
1366	2873
1367	1238
1367	1306
1367	1328
1367	1424
1367	1823
1367	1824
1367	2177
1368	1415
1368	1639
1368	2524
1370	1158
1370	1827
1372	1306
1372	1377
1372	1404
1372	2377
1373	24
1373	941
1373	1305
1373	1873
1373	2158
1374	1366
1375	1371
1375	1420
1376	1239
1376	1321
1377	1641
1377	1729
1379	1366
1379	1373
1379	1943
1380	507
1381	1326
1381	2851
1381	2853
1381	2873
1382	1303
1384	2330
1385	616
1385	1186
1385	1305
1385	1322
1386	1358
1386	1389
1386	1398
1386	2760
1387	1358
1387	2761
1388	1667
1389	1710
1390	1305
1390	1315
1391	1639
1392	24
1392	1319
1392	1328
1392	1424
1392	1823
1392	2177
1393	1359
1394	359
1394	1238
1394	1312
1394	1361
1394	1460
1394	1873
1394	2140
1394	2161
1394	2224
1394	2239
1394	2330
1394	2495
1394	2529
1394	2786
1395	1350
1395	1534
1396	11
1396	1312
1396	1370
1397	1239
1397	1382
1397	1410
1397	2971
1398	8
1398	1305
1398	1358
1398	1389
1398	2709
1398	2760
1398	2873
1399	24
1399	1873
1399	2528
1400	1305
1401	1084
1401	1305
1401	1827
1401	1881
1401	1905
1401	2326
1402	2155
1403	2155
1405	371
1405	1327
1406	11
1407	83
1407	1238
1407	2468
1407	2741
1408	1305
1410	1311
1410	1382
1411	1305
1412	1305
1412	1358
1412	1386
1412	1389
1413	1358
1414	1305
1415	1639
1416	1311
1416	1366
1417	616
1417	675
1417	1348
1417	1427
1417	1457
1417	2239
1417	2414
1418	1366
1418	1374
1418	1541
1419	24
1419	359
1419	1142
1419	1328
1419	1424
1419	1823
1419	2177
1419	2324
1419	2332
1420	1371
1421	1353
1421	1360
1422	1534
1422	1739
1423	1534
1423	1639
1423	1739
1423	1740
1424	1381
1425	1534
1425	1739
1426	1305
1427	616
1427	675
1427	1348
1427	1394
1427	1443
1427	1455
1427	2239
1427	2414
1427	2509
1427	2510
1427	2744
1427	2936
1428	518
1428	1049
1428	2495
1429	518
1429	1049
1429	2495
1430	518
1430	1049
1430	2495
1431	518
1431	1049
1431	2495
1432	2332
1433	1238
1433	1394
1433	1438
1433	1442
1433	1455
1433	1787
1433	1871
1433	2495
1433	2529
1434	112
1434	518
1434	1450
1435	2332
1436	1814
1436	2161
1436	2162
1437	1871
1437	1880
1437	2529
1437	2634
1437	2721
1437	2888
1438	1238
1438	1460
1438	1871
1438	2203
1438	2529
1438	2634
1439	2211
1440	1359
1440	1438
1440	2529
1440	2634
1441	1312
1441	1361
1441	1438
1441	1460
1441	2224
1441	2330
1441	2495
1442	1438
1442	1452
1442	1455
1442	1460
1442	1787
1442	2529
1442	2979
1443	929
1443	1455
1443	2529
1444	1270
1444	1271
1444	1586
1444	1774
1444	1791
1444	1809
1444	1879
1444	1949
1444	2219
1444	2320
1444	2690
1445	1394
1445	1438
1445	1442
1445	1455
1445	1669
1445	1787
1445	2529
1446	1238
1446	1438
1446	1460
1446	1873
1446	2171
1446	2203
1446	2220
1446	2244
1446	2330
1446	2529
1446	2634
1449	1448
1449	1453
1449	2161
1449	2529
1450	84
1450	1533
1450	1742
1450	2068
1451	670
1451	1049
1452	113
1452	518
1452	874
1452	1443
1452	1451
1452	1455
1452	1460
1452	1743
1452	2239
1452	2330
1452	2483
1452	2529
1452	2891
1452	2994
1453	935
1453	2161
1453	2162
1453	2529
1454	708
1454	941
1454	2987
1455	2313
1455	2529
1455	2786
1455	2791
1456	26
1456	93
1456	109
1456	191
1456	237
1456	1476
1456	1492
1456	1865
1457	537
1457	1452
1457	1455
1457	1742
1457	2239
1457	2529
1458	1361
1458	1459
1458	2161
1458	2162
1458	2529
1459	1448
1459	1453
1459	2161
1459	2162
1459	2529
1460	2529
1461	42
1461	54
1461	82
1461	84
1461	96
1461	119
1461	1865
1461	2442
1462	24
1462	616
1462	941
1462	1305
1462	1873
1462	2158
1463	1465
1464	941
1464	2636
1465	703
1467	374
1467	1468
1467	1489
1468	1488
1468	2375
1469	47
1469	84
1469	129
1469	191
1469	671
1469	676
1469	745
1469	925
1469	1057
1469	1160
1469	1563
1469	1865
1469	2462
1469	2463
1470	45
1470	1079
1470	1211
1471	110
1472	956
1472	1488
1473	383
1473	464
1473	501
1473	731
1473	1489
1473	2375
1474	86
1474	96
1474	1479
1475	2025
1475	2366
1476	47
1476	73
1476	237
1476	243
1476	2503
1477	237
1477	268
1477	286
1477	1494
1478	47
1478	68
1478	1480
1479	96
1479	103
1479	106
1479	547
1479	1492
1479	2442
1480	68
1480	82
1480	1478
1481	102
1481	350
1481	1494
1482	925
1482	1305
1482	1325
1483	1475
1484	84
1484	201
1484	2636
1484	2987
1485	2636
1486	191
1486	1474
1486	1479
1486	2223
1487	925
1487	955
1487	1057
1487	2068
1487	2239
1487	2464
1487	2891
1488	1568
1488	2375
1489	101
1489	124
1489	286
1489	380
1489	403
1489	952
1489	1472
1489	1477
1489	1488
1490	2636
1491	731
1491	952
1492	84
1492	191
1492	2636
1493	237
1493	2375
1494	237
1494	2375
1495	87
1495	109
1495	116
1495	124
1495	173
1496	809
1497	2856
1497	2857
1498	533
1498	2219
1498	2528
1498	2791
1498	2899
1499	566
1499	1886
1499	2076
1500	2856
1501	2815
1501	2831
1502	957
1503	1084
1503	1158
1503	1509
1503	2212
1503	2216
1503	2217
1503	2219
1503	2221
1503	2223
1503	2224
1503	2225
1503	2226
1503	2228
1503	2249
1503	2528
1503	2529
1503	2634
1503	2717
1503	2791
1503	2888
1503	2899
1504	2987
1505	20
1505	923
1505	1069
1505	2375
1505	2520
1507	237
1507	244
1507	708
1507	716
1507	1235
1507	1255
1507	1288
1507	1464
1507	1508
1507	1672
1509	2249
1509	2269
1509	2791
1509	2899
1510	713
1510	1129
1510	1312
1512	2140
1513	660
1513	767
1513	930
1513	981
1513	1908
1513	1909
1513	1918
1513	2224
1513	2886
1514	708
1514	2987
1515	708
1515	710
1515	876
1515	1060
1515	1061
1515	1680
1515	1761
1515	2081
1516	626
1516	2418
1517	1312
1517	1446
1517	2211
1517	2224
1517	2529
1517	2797
1518	2219
1518	2853
1519	2219
1519	2853
1520	564
1520	566
1520	1016
1520	1150
1520	2066
1520	2069
1520	2848
1520	2917
1520	2921
1521	1208
1522	1311
1522	1321
1524	88
1526	1306
1526	1638
1526	1639
1526	1733
1526	1871
1526	2853
1527	96
1527	1474
1527	2188
1527	2442
1527	2499
1528	1523
1529	2357
1530	1075
1530	2521
1531	1239
1531	1321
1531	1376
1532	1353
1532	1360
1532	1421
1532	1638
1534	1377
1534	1639
1534	1740
1535	1305
1535	1394
1535	1442
1535	2224
1535	2495
1536	1111
1536	1590
1536	1599
1536	2557
1537	1543
1537	1852
1538	115
1538	2442
1539	1310
1539	2785
1540	26
1540	59
1540	84
1540	86
1540	191
1540	192
1540	894
1540	1451
1540	1865
1540	2466
1540	2482
1541	1366
1541	1374
1541	1944
1541	2873
1542	45
1542	49
1542	190
1542	1192
1543	1841
1543	1844
1544	276
1544	319
1544	1052
1544	2375
1545	1378
1546	35
1546	51
1546	52
1546	1160
1546	1472
1546	2464
1546	2483
1547	1205
1548	2406
1549	84
1550	88
1550	191
1550	1560
1550	1865
1550	2512
1551	224
1552	33
1552	55
1552	109
1552	1865
1553	224
1553	952
1553	1551
1555	578
1555	611
1555	612
1555	2426
1555	2602
1556	673
1556	764
1556	991
1556	2025
1557	578
1558	421
1558	449
1558	1995
1559	84
1559	86
1559	618
1560	86
1560	191
1560	1865
1560	2512
1561	612
1561	1843
1562	35
1562	63
1562	68
1562	98
1562	119
1562	173
1562	726
1562	1058
1562	1479
1562	1563
1562	1865
1562	2068
1562	2442
1563	47
1563	191
1563	1865
1564	78
1564	726
1565	48
1565	109
1566	84
1566	379
1566	2375
1567	224
1567	952
1568	1488
1569	73
1569	87
1569	161
1569	173
1569	237
1569	1865
1570	5
1570	1101
1571	1319
1572	2178
1572	2633
1573	436
1573	938
1573	952
1573	2186
1573	2616
1574	544
1574	621
1575	383
1575	464
1575	501
1575	731
1575	952
1575	1489
1575	2375
1576	1380
1576	2375
1577	506
1577	2894
1578	2375
1580	1579
1581	1084
1581	1774
1582	1589
1582	1600
1583	772
1583	1956
1584	1590
1585	1590
1585	2320
1586	1589
1588	2669
1589	2054
1590	2884
1591	1586
1591	1589
1592	1279
1592	1593
1592	1881
1592	2634
1592	2738
1593	1279
1593	1881
1593	2738
1594	1247
1594	1285
1596	1156
1596	1268
1597	1880
1597	2669
1598	2884
1599	2669
1600	1235
1601	9
1601	1139
1601	1880
1601	2449
1602	350
1603	33
1603	1602
1604	1602
1605	110
1605	2375
1606	85
1606	373
1606	1038
1606	1488
1606	1609
1607	2377
1610	1078
1610	1082
1610	1083
1610	1097
1610	1100
1611	2375
1612	711
1612	741
1612	1061
1612	1675
1612	1761
1613	2525
1615	1098
1615	1159
1615	1223
1615	1229
1615	2167
1615	2287
1615	2658
1615	2880
1616	2173
1617	2528
1618	765
1618	1061
1618	1679
1618	2081
1619	104
1619	191
1620	1865
1620	2636
1621	191
1622	139
1622	708
1623	781
1623	1980
1625	1475
1626	1097
1627	2090
1628	319
1628	511
1629	1950
1630	2753
1631	2987
1632	1168
1632	2167
1633	534
1633	559
1633	1950
1633	2848
1634	746
1635	623
1635	830
1635	2463
1637	1639
1638	1306
1638	1529
1638	1636
1638	1639
1638	1733
1638	2357
1639	1306
1639	1529
1639	1636
1639	1638
1639	2358
1639	2524
1639	2635
1639	2853
1640	83
1640	1306
1640	1316
1640	1636
1640	1638
1640	1639
1640	1738
1640	2203
1640	2360
1640	2524
1641	1372
1641	1404
1642	1803
1643	876
1643	1761
1643	2356
1644	964
1644	1761
1646	1150
1649	1883
1650	714
1650	1748
1651	714
1651	807
1651	1654
1651	1661
1652	2987
1653	2662
1653	2987
1654	714
1654	1661
1654	2662
1654	2987
1655	73
1655	242
1655	295
1656	2987
1657	722
1657	1658
1657	2662
1657	2987
1658	1657
1658	2662
1658	2987
1659	259
1659	2375
1659	2569
1659	2570
1660	73
1660	217
1660	242
1660	295
1660	894
1660	2385
1661	714
1661	1748
1661	2662
1661	2987
1662	20
1662	2888
1663	830
1663	1635
1663	2330
1664	1198
1664	2528
1664	2877
1665	1624
1666	1511
1668	1466
1668	1669
1670	1433
1670	2332
1671	938
1673	1016
1673	1511
1673	1757
1673	2159
1674	865
1675	710
1675	711
1675	765
1675	1061
1675	2081
1676	1150
1677	711
1677	1061
1677	2310
1678	710
1678	711
1678	1061
1681	710
1681	711
1681	734
1681	1061
1681	1618
1681	1678
1681	1679
1682	243
1684	801
1685	267
1685	456
1685	472
1685	2375
1686	379
1686	428
1689	708
1689	891
1690	891
1691	708
1691	891
1691	1506
1692	713
1692	1475
1693	713
1693	941
1693	1454
1694	1957
1699	1698
1700	1745
1701	1697
1701	1745
1702	1108
1702	2233
1702	2657
1703	1695
1705	641
1706	641
1707	2877
1708	1073
1708	1150
1709	738
1709	781
1709	1802
1709	1977
1709	1980
1709	2637
1710	1353
1710	1360
1711	708
1711	820
1712	921
1713	381
1713	2375
1714	381
1714	1713
1715	1093
1715	1125
1715	1809
1716	1049
1717	1298
1717	1338
1717	1720
1717	2203
1717	2224
1717	2633
1717	2853
1717	2874
1717	2884
1718	1279
1718	1593
1718	1881
1718	2738
1719	1237
1719	1279
1719	1592
1719	1593
1719	1718
1719	1881
1719	2634
1719	2738
1720	1242
1720	2217
1720	2224
1721	1338
1721	1719
1721	1720
1721	2224
1722	2987
1723	729
1723	934
1723	1234
1723	2208
1724	1512
1724	2224
1725	971
1725	1084
1725	1158
1725	1444
1725	1905
1725	2146
1726	4
1726	376
1726	384
1726	449
1726	450
1727	2634
1728	1380
1730	1639
1731	1365
1731	1377
1731	2874
1732	1353
1732	1360
1732	1421
1732	1638
1732	1736
1732	2360
1733	1529
1733	2357
1734	1733
1735	83
1735	1316
1735	1319
1736	1360
1736	1639
1736	2360
1737	2224
1737	2316
1738	1360
1738	1638
1738	1639
1739	1368
1739	1534
1739	1639
1739	1740
1739	2524
1741	1639
1742	84
1742	113
1742	191
1742	518
1742	892
1742	1049
1742	1450
1742	1451
1742	1533
1742	1865
1742	2068
1742	2483
1742	2891
1743	1475
1743	1866
1745	1697
1746	2164
1746	2165
1747	2568
1748	2662
1748	2987
1749	2662
1749	2987
1750	1748
1752	1499
1753	517
1753	726
1753	892
1753	2117
1754	1761
1754	2081
1755	1511
1755	1757
1755	2159
1756	1511
1756	1761
1756	2159
1757	1511
1757	1761
1758	2987
1759	711
1759	1975
1760	1759
1760	1764
1760	1975
1761	1758
1761	1764
1761	1975
1763	876
1763	1761
1763	2356
1764	520
1764	1761
1765	1748
1765	1751
1765	1761
1765	1993
1765	2662
1766	1647
1767	614
1767	1770
1767	1771
1768	614
1768	1770
1768	1771
1768	1772
1769	1770
1769	1771
1769	1772
1770	614
1770	1767
1770	1771
1772	614
1772	1770
1772	1771
1773	614
1773	1767
1773	1770
1773	1771
1774	935
1775	2351
1776	269
1776	451
1777	263
1777	270
1777	333
1777	364
1777	385
1777	386
1777	432
1777	435
1777	445
1777	446
1777	450
1777	451
1777	455
1777	456
1777	465
1777	467
1777	485
1777	496
1777	511
1777	1611
1777	1995
1777	2160
1777	2351
1777	2895
1778	252
1778	267
1778	270
1778	474
1779	271
1779	441
1779	451
1780	252
1780	270
1780	470
1780	474
1780	481
1780	2375
1781	1235
1781	1509
1782	89
1782	943
1782	1816
1782	1881
1782	2336
1782	2456
1782	2746
1782	2842
1782	2888
1783	623
1783	1234
1783	2216
1783	2219
1783	2528
1783	2717
1783	2744
1784	1781
1784	2435
1785	1166
1785	2203
1785	2224
1785	2375
1786	1238
1786	1466
1786	1787
1786	2435
1787	1238
1787	1786
1787	2435
1789	901
1790	1475
1791	935
1791	1590
1792	84
1793	84
1793	96
1793	119
1793	141
1793	1479
1793	1865
1793	2636
1794	86
1794	191
1795	54
1795	1865
1796	95
1796	191
1799	1801
1800	1499
1800	1886
1803	1802
1803	1980
1803	2954
1804	1881
1806	559
1806	583
1806	628
1806	638
1806	2418
1807	549
1807	2418
1809	682
1809	2332
1811	1814
1812	1234
1812	1814
1813	1129
1814	1129
1814	1881
1815	1814
1815	2512
1815	2683
1816	1129
1816	2067
1818	891
1818	1475
1818	1817
1818	2593
1818	2987
1819	1696
1819	2164
1820	957
1821	1240
1821	1592
1821	2885
1821	2891
1822	1821
1822	2120
1823	1381
1823	1826
1824	1328
1824	1354
1824	1367
1824	1424
1824	1825
1824	2177
1825	1328
1825	1341
1825	1367
1825	1823
1825	1824
1825	2177
1826	1326
1826	1381
1827	1873
1827	2228
1828	1890
1828	1988
1830	1829
1830	1888
1830	1989
1830	2051
1830	2591
1831	2597
1832	2873
1832	2874
1833	2068
1834	734
1834	1475
1834	1836
1834	1886
1835	1475
1836	2597
1837	82
1837	84
1837	1452
1837	2466
1837	2482
1837	2483
1839	1838
1841	1847
1843	612
1844	1841
1844	1842
1844	1851
1845	1841
1845	1842
1845	1851
1845	1853
1846	1847
1846	1853
1848	1845
1848	1853
1849	612
1850	1537
1850	1841
1850	1848
1850	1851
1850	1852
1850	1853
1850	1854
1850	1855
1851	1841
1851	1844
1851	1853
1851	1854
1851	1855
1852	1841
1853	1841
1853	1842
1853	1844
1853	1845
1853	1848
1854	1852
1854	1853
1854	1855
1855	612
1855	1841
1855	1845
1855	1851
1855	1852
1855	1853
1855	1854
1855	1856
1856	610
1856	1537
1856	1841
1856	1845
1856	1852
1856	1853
1857	1845
1857	1848
1858	1841
1858	1851
1858	1853
1859	1537
1859	1853
1860	1848
1860	1853
1860	1854
1861	1537
1861	1847
1861	1850
1861	1851
1861	1852
1861	1853
1861	1856
1861	1860
1861	1862
1862	1537
1862	1841
1862	1845
1862	1847
1862	1853
1862	1854
1862	1856
1863	899
1863	1475
1864	1865
1865	1620
1865	2636
1866	1057
1866	1867
1868	1840
1868	1841
1868	1847
1869	1871
1869	2529
1871	1867
1871	1870
1871	1881
1872	1867
1872	1870
1872	1881
1873	1865
1874	1867
1874	1870
1874	1871
1874	2332
1875	667
1875	922
1875	1052
1875	1098
1876	2987
1877	1597
1877	1880
1878	1880
1879	2884
1880	1298
1880	2739
1881	1298
1882	1880
1882	1883
1882	2746
1883	1880
1883	2887
1884	4
1884	897
1884	2636
1884	2894
1885	1890
1885	1988
1887	896
1887	928
1888	1829
1889	1073
1889	1150
1890	2352
1891	2987
1892	2655
1893	1851
1894	2848
1895	89
1896	2888
1898	1899
1898	1900
1898	1902
1899	1900
1900	1897
1901	1897
1901	1900
1902	1899
1904	1903
1905	705
1905	2224
1905	2375
1905	2495
1907	910
1907	1198
1907	2329
1907	2375
1908	660
1908	930
1908	981
1908	1011
1908	1915
1908	1918
1909	660
1909	767
1909	2224
1909	2527
1910	760
1910	767
1911	369
1912	767
1912	1513
1912	1909
1912	2893
1913	820
1913	2026
1913	2893
1914	1915
1914	1918
1914	2527
1916	2704
1917	1916
1918	1915
1920	2646
1921	1915
1921	1918
1921	2527
1922	1508
1922	1597
1922	1880
1923	1880
1924	1394
1924	1455
1924	1509
1924	2224
1924	2529
1924	2786
1925	1101
1925	1199
1926	2270
1926	2313
1926	2534
1928	2224
1929	2683
1930	980
1930	1929
1931	2366
1933	1934
1935	2083
1935	2187
1935	2371
1936	1937
1936	2938
1937	2055
1937	2187
1937	2945
1938	2006
1938	2938
1939	1936
1939	1937
1939	1940
1939	2046
1939	2055
1939	2083
1939	2187
1939	2371
1939	2938
1939	2943
1939	2944
1939	2945
1941	1936
1941	1937
1941	1939
1941	1940
1941	2938
1941	2945
1942	2375
1943	1366
1944	1366
1944	2873
1945	1305
1945	1366
1945	1374
1945	1541
1945	1943
1945	1944
1946	2987
1947	1948
1949	1252
1950	1633
1950	2848
1952	713
1952	1234
1952	1475
1952	1692
1952	1693
1952	2744
1954	2987
1955	1098
1955	2167
1957	520
1957	1624
1957	2750
1957	2987
1958	518
1958	1150
1959	1583
1960	847
1960	2987
1961	1873
1962	2375
1963	2375
1964	2662
1965	976
1965	982
1966	772
1967	216
1967	2375
1968	708
1968	2662
1968	2987
1969	1475
1969	2074
1969	2366
1970	725
1970	1238
1971	2463
1971	2662
1972	875
1973	1975
1973	1993
1974	130
1974	148
1974	938
1975	520
1975	738
1977	738
1977	938
1977	945
1977	1709
1977	2771
1978	781
1979	520
1979	734
1979	876
1979	920
1979	938
1979	945
1979	1037
1979	1759
1979	1761
1979	1835
1979	1973
1979	1975
1979	2987
1980	738
1981	1976
1981	1980
1982	35
1982	45
1982	63
1982	68
1982	96
1982	98
1982	119
1982	130
1982	173
1982	467
1982	472
1982	726
1982	738
1982	1058
1982	1479
1982	1521
1982	1563
1982	1709
1982	1865
1982	2068
1982	2442
1982	2771
1983	34
1983	54
1983	82
1983	1865
1983	2636
1983	2987
1984	34
1984	82
1984	1865
1984	2636
1984	2987
1985	519
1985	1986
1985	1996
1986	1996
1986	2062
1986	2063
1987	2055
1987	2945
1989	2051
1991	1993
1991	2987
1992	1762
1994	2375
1995	2375
1996	2061
1996	2062
1997	516
1998	1051
1998	1499
1998	1751
1998	2072
1999	1853
1999	1932
2000	726
2000	892
2000	2117
2000	2346
2001	641
2003	2002
2003	2005
2004	2002
2004	2003
2004	2005
2005	2002
2005	2003
2008	2020
2010	2009
2010	2011
2011	2017
2011	2018
2012	2009
2012	2010
2012	2011
2013	2008
2013	2011
2013	2012
2013	2014
2014	2012
2014	2013
2015	2009
2015	2010
2015	2011
2015	2012
2015	2013
2015	2014
2016	2006
2016	2007
2016	2008
2016	2020
2017	2011
2018	2011
2018	2017
2019	2008
2021	2020
2022	1990
2022	2011
2022	2056
2024	2023
2024	2027
2024	2062
2025	2027
2026	767
2026	997
2026	2025
2026	2893
2028	1098
2029	2943
2030	4
2030	101
2030	102
2030	207
2030	208
2030	210
2030	218
2030	219
2030	222
2030	227
2030	235
2030	237
2030	239
2030	243
2030	244
2030	245
2030	247
2030	250
2030	261
2030	263
2030	264
2030	265
2030	267
2030	280
2030	290
2030	303
2030	332
2030	348
2030	350
2030	353
2030	365
2030	372
2030	375
2030	378
2030	379
2030	381
2030	382
2030	383
2030	390
2030	403
2030	418
2030	425
2030	428
2030	441
2030	442
2030	445
2030	448
2030	450
2030	456
2030	457
2030	458
2030	472
2030	474
2030	480
2030	506
2030	507
2030	511
2030	576
2030	651
2030	923
2030	1488
2030	1494
2030	1568
2030	1605
2030	1628
2030	1962
2030	1995
2030	2191
2030	2267
2030	2375
2030	2566
2030	2569
2031	259
2031	342
2031	2375
2031	2503
2032	1045
2033	1045
2034	2662
2035	1045
2036	1383
2036	2874
2037	2662
2038	2260
2038	2610
2039	2140
2039	2141
2039	2634
2040	1472
2041	2709
2041	2874
2042	517
2042	1074
2042	1836
2042	2199
2044	2462
2045	756
2046	2050
2046	2055
2047	2046
2047	2055
2047	2804
2047	2912
2047	2945
2047	2976
2048	2046
2048	2236
2049	2046
2049	2050
2049	2055
2049	2943
2050	2046
2050	2943
2051	1830
2051	1989
2051	2046
2051	2050
2051	2052
2052	1989
2052	2046
2052	2048
2052	2051
2052	2931
2053	2046
2053	2048
2053	2050
2055	2046
2055	2050
2055	2083
2057	1890
2057	2055
2058	2057
2059	1890
2059	2011
2059	2055
2060	2061
2060	2062
2060	2063
2061	2062
2062	2063
2064	2062
2064	2063
2065	1475
2065	2366
2066	1051
2066	2111
2067	517
2067	1475
2067	1886
2068	84
2068	1865
2068	2636
2068	2662
2069	574
2069	626
2069	1016
2069	1475
2069	1483
2069	1499
2069	1520
2069	1835
2069	1886
2069	2066
2069	2070
2069	2534
2070	1016
2070	1475
2070	2069
2071	1016
2071	1499
2071	2069
2072	1016
2072	1499
2072	2076
2073	583
2073	626
2073	628
2073	720
2073	974
2073	1016
2073	1051
2073	1499
2073	1520
2073	1633
2073	1834
2073	1886
2073	2067
2073	2069
2073	2070
2073	2071
2073	2072
2073	2075
2073	2076
2073	2077
2073	2108
2073	2114
2073	2848
2074	927
2074	1475
2074	1886
2074	2366
2075	1499
2075	2072
2075	2076
2076	1016
2076	1499
2077	583
2077	1499
2077	1835
2077	1886
2077	2072
2077	2075
2077	2076
2077	2848
2078	708
2079	876
2080	891
2080	928
2080	2295
2081	1761
2082	2046
2082	2943
2084	1463
2084	2086
2085	2093
2085	2094
2086	1463
2087	1042
2088	1463
2088	1466
2088	1669
2088	2095
2089	1463
2089	1465
2089	1466
2091	1463
2091	1465
2092	1463
2092	1465
2092	1466
2092	1669
2096	2375
2097	1208
2097	1521
2098	1143
2098	1163
2098	1208
2098	1211
2099	2046
2099	2055
2099	2943
2099	2945
2100	2251
2101	1150
2101	2950
2102	1886
2103	1179
2104	517
2104	574
2104	955
2104	1475
2104	2483
2104	2891
2105	708
2106	626
2106	1016
2106	1520
2106	2066
2106	2069
2106	2070
2106	2107
2106	2421
2106	2771
2107	1520
2107	2066
2107	2069
2107	2070
2107	2106
2108	720
2108	1179
2108	1886
2109	708
2109	896
2109	928
2109	1150
2109	1887
2109	2076
2109	2856
2110	876
2110	1761
2111	708
2111	2066
2112	748
2112	1164
2113	575
2114	720
2114	1150
2114	1179
2114	1886
2116	2115
2117	1150
2118	1665
2118	2987
2122	1388
2122	2527
2123	1388
2123	2119
2123	2868
2124	2119
2124	2122
2125	1879
2125	2126
2126	1879
2126	2125
2127	551
2127	564
2127	2128
2128	551
2128	564
2128	2127
2129	2843
2129	2917
2129	2918
2129	2938
2130	2131
2132	1101
2132	2135
2132	2885
2133	2134
2134	1097
2134	1098
2134	1103
2134	1106
2134	1149
2134	2133
2135	1101
2135	1140
2135	1198
2135	1815
2135	2132
2135	2134
2135	2222
2135	2720
2136	84
2136	1298
2137	2140
2138	975
2138	2140
2138	2143
2138	2144
2139	2140
2141	2140
2142	2140
2143	753
2143	1256
2143	2140
2144	1635
2144	2140
2144	2143
2145	2140
2145	2143
2145	2239
2146	2224
2146	2228
2146	2495
2147	1932
2147	2917
2147	2918
2148	311
2148	2296
2148	2479
2149	1886
2149	2068
2150	1227
2150	1865
2150	1873
2150	2173
2151	169
2151	892
2151	1451
2152	1101
2153	2704
2157	1873
2162	1129
2162	2161
2165	1746
2165	2164
2166	1926
2166	2313
2166	2534
2166	2898
2167	1098
2168	84
2168	103
2168	191
2168	1865
2168	2473
2168	2636
2169	342
2169	2375
2170	2375
2171	2239
2172	516
2172	526
2172	2877
2172	2916
2172	2929
2172	2938
2174	1967
2176	943
2176	2633
2176	2746
2177	685
2177	2887
2178	566
2178	574
2178	759
2178	2848
2179	2636
2180	2186
2180	2636
2181	2249
2182	1252
2182	1280
2183	2874
2184	1324
2185	2346
2186	1865
2187	2945
2188	96
2188	1479
2188	2189
2188	2499
2190	353
2191	308
2192	2534
2193	1359
2195	1129
2195	2216
2196	1305
2196	1323
2196	1337
2196	1394
2196	1420
2196	1535
2197	1535
2198	1475
2199	1074
2199	2198
2200	1164
2200	1887
2202	1881
2203	2201
2204	2202
2205	735
2206	2083
2207	1803
2208	5
2208	886
2208	934
2208	1029
2208	1129
2208	1198
2208	1210
2208	1234
2208	1503
2208	1509
2208	1815
2208	2212
2208	2216
2208	2221
2208	2222
2208	2226
2208	2229
2208	2547
2208	2717
2208	2748
2208	2789
2208	2791
2209	919
2210	623
2210	1870
2212	1084
2212	2219
2212	2224
2212	2529
2212	2899
2213	533
2213	538
2213	2224
2214	252
2215	1049
2215	2140
2215	2224
2216	1816
2217	886
2217	1509
2217	2215
2217	2224
2217	2228
2218	2216
2218	2224
2218	2529
2219	1509
2219	2224
2219	2789
2219	2791
2219	2899
2219	2987
2221	2215
2221	2224
2221	2468
2221	2899
2222	533
2222	565
2222	623
2222	1503
2222	2216
2222	2219
2222	2225
2222	2717
2223	2216
2223	2219
2223	2224
2223	2239
2223	2899
2224	1312
2224	1361
2224	2140
2224	2495
2225	565
2225	2219
2225	2741
2225	2791
2225	2899
2226	1029
2226	1158
2226	1198
2226	1503
2226	2547
2226	2745
2227	1503
2228	1049
2228	1136
2228	1873
2228	2215
2228	2224
2228	2249
2229	2221
2229	2717
2229	2791
2230	5
2230	218
2230	300
2230	533
2230	567
2230	760
2230	1049
2230	1101
2230	1158
2230	1198
2230	1312
2230	1361
2230	1503
2230	1509
2230	1512
2230	1827
2230	1873
2230	2140
2230	2215
2230	2216
2230	2217
2230	2219
2230	2221
2230	2224
2230	2228
2230	2318
2230	2375
2230	2468
2230	2495
2230	2717
2230	2741
2230	2791
2232	2987
2233	1097
2233	1161
2233	2287
2233	2657
2234	248
2234	910
2234	1198
2234	2495
2234	2744
2235	2843
2235	2918
2237	2046
2237	2236
2238	1234
2239	2468
2239	2979
2240	2874
2241	820
2241	825
2241	924
2241	997
2241	1188
2241	1497
2241	1500
2241	2026
2241	2856
2241	2857
2242	927
2242	1475
2243	745
2243	1865
2244	782
2244	2219
2244	2220
2244	2546
2245	1098
2245	1224
2245	2167
2246	1134
2246	2881
2247	2249
2248	1475
2249	1509
2249	2239
2250	191
2250	930
2252	641
2252	934
2252	2249
2252	2917
2253	239
2253	418
2254	720
2254	734
2254	748
2254	1150
2254	1830
2254	1886
2254	2055
2254	2116
2255	820
2256	1881
2258	2257
2259	2224
2259	2495
2261	428
2261	1605
2262	86
2262	2473
2263	2264
2266	2265
2267	2375
2268	428
2268	472
2268	2375
2269	2249
2270	2313
2271	373
2271	2504
2272	837
2273	1798
2275	1926
2275	2313
2275	2534
2275	2898
2276	110
2276	375
2276	480
2276	2375
2277	1881
2277	2278
2277	2279
2277	2280
2277	2506
2277	2888
2278	2280
2279	1147
2279	2278
2279	2280
2279	2587
2280	1147
2280	2278
2280	2279
2280	2587
2280	2884
2281	1840
2281	1841
2281	1847
2281	1868
2282	1865
2283	1312
2283	1394
2283	2140
2283	2221
2283	2224
2283	2495
2285	2224
2285	2283
2286	1
2287	1
2287	1096
2287	1097
2287	1098
2287	1108
2287	1224
2287	1229
2287	2167
2287	2233
2287	2245
2287	2657
2287	2695
2288	2011
2288	2869
2289	2013
2290	85
2290	805
2290	952
2291	726
2291	892
2291	1450
2291	1510
2291	2117
2291	2249
2292	2117
2293	1803
2293	2954
2294	2069
2294	2954
2295	708
2295	891
2296	76
2296	368
2298	474
2299	441
2299	454
2299	469
2299	470
2299	501
2299	2375
2300	2375
2301	1061
2301	1759
2301	1761
2302	708
2303	708
2303	924
2304	1117
2304	2877
2305	708
2305	955
2305	1060
2305	1061
2305	2159
2305	2297
2306	710
2306	876
2306	955
2306	1060
2306	1061
2306	1165
2306	1687
2306	1761
2306	2305
2307	711
2307	1061
2308	708
2309	708
2309	1061
2309	2310
2310	708
2312	566
2313	2534
2314	566
2315	2385
2317	1635
2319	2529
2320	1586
2320	2634
2321	753
2321	1247
2321	1253
2321	1256
2322	1512
2322	1719
2322	2244
2322	2454
2323	1881
2323	2634
2323	2738
2324	1238
2325	252
2326	782
2326	1084
2326	1158
2326	1361
2326	1592
2326	1871
2326	1873
2326	1881
2326	1905
2326	2067
2326	2142
2326	2157
2326	2171
2326	2220
2326	2224
2326	2244
2326	2386
2326	2455
2326	2456
2326	2527
2326	2528
2326	2546
2326	2547
2326	2746
2326	2882
2326	2888
2327	1254
2327	2690
2327	2691
2327	2739
2328	1873
2331	1873
2331	2634
2331	2669
2332	1814
2332	2634
2333	1305
2333	1871
2333	2330
2333	2332
2334	53
2334	71
2334	1492
2334	2068
2334	2442
2335	237
2335	343
2336	244
2337	239
2337	381
2337	812
2338	383
2339	383
2340	244
2340	576
2341	1316
2342	1380
2342	1576
2342	2375
2343	576
2343	1896
2343	2634
2343	2744
2344	2512
2345	899
2347	734
2347	867
2347	2399
2348	2512
2349	244
2351	267
2351	418
2351	1775
2351	2375
2352	2055
2353	876
2353	1761
2353	2354
2354	2356
2355	2354
2355	2356
2358	1529
2358	2357
2359	1733
2360	1360
2360	1639
2360	1736
2361	1302
2361	1334
2361	1532
2362	1306
2362	1526
2362	1639
2363	1360
2363	1365
2363	1532
2363	1638
2364	2368
2364	2371
2365	2055
2366	2369
2367	2366
2368	2371
2368	2941
2369	2046
2369	2051
2369	2055
2369	2943
2369	2945
2370	741
2370	1050
2370	1761
2371	2046
2372	741
2372	1050
2372	1761
2372	2356
2372	2373
2373	741
2373	876
2373	1761
2373	2370
2373	2372
2374	2683
2374	2987
2375	224
2379	1803
2380	713
2380	1234
2380	1475
2380	2468
2381	2376
2382	1147
2382	2880
2383	1475
2383	1509
2383	2216
2383	2717
2384	708
2384	1150
2385	111
2386	2746
2387	1814
2387	2386
2388	1814
2388	2392
2388	2393
2388	2746
2389	1509
2389	2223
2389	2225
2389	2717
2389	2742
2390	533
2390	934
2390	1198
2390	1234
2390	1509
2390	1810
2390	2224
2390	2225
2390	2468
2390	2717
2390	2742
2390	2791
2391	359
2391	934
2391	1234
2392	1814
2392	2386
2392	2393
2392	2746
2393	1814
2393	1870
2393	2386
2393	2392
2393	2746
2394	1870
2394	2386
2394	2746
2395	5
2395	934
2395	1029
2395	1198
2395	1234
2395	1509
2395	1816
2395	2208
2395	2226
2395	2744
2395	2748
2396	5
2396	934
2396	1029
2396	1198
2396	1234
2396	1509
2396	1816
2396	2208
2396	2226
2396	2744
2396	2748
2397	1761
2398	642
2398	734
2398	741
2398	876
2398	1757
2398	1761
2398	2356
2400	875
2400	2958
2401	1153
2402	2375
2402	2408
2403	1568
2403	2636
2404	2401
2404	2408
2404	2987
2405	2402
2405	2407
2405	2987
2407	125
2407	2408
2408	2375
2409	1153
2409	2408
2409	2987
2410	2239
2411	374
2411	952
2411	2503
2412	85
2412	805
2412	2894
2413	501
2414	921
2414	1427
2414	2510
2415	1427
2415	2414
2415	2455
2415	2509
2415	2510
2415	2924
2416	2313
2417	1259
2418	626
2418	719
2419	1052
2419	1098
2419	1117
2419	1208
2419	1211
2419	1229
2419	1521
2419	2097
2419	2313
2419	2534
2420	2313
2421	1520
2421	2069
2421	2418
2422	579
2422	581
2422	582
2422	585
2422	626
2422	1520
2422	2069
2422	2072
2422	2418
2422	2423
2423	574
2424	609
2424	612
2424	2426
2425	1554
2426	612
2426	1555
2427	1865
2428	96
2428	626
2428	719
2428	2418
2429	2224
2430	564
2430	566
2430	573
2430	574
2430	579
2430	599
2430	708
2430	1150
2430	1520
2430	1886
2430	2069
2430	2558
2431	245
2431	353
2431	448
2431	2375
2432	2616
2433	938
2433	952
2433	1130
2433	1476
2433	2501
2433	2503
2434	252
2434	332
2434	365
2434	2375
2436	2437
2438	1508
2439	33
2439	86
2439	96
2439	100
2439	618
2439	622
2439	1058
2439	1474
2439	1479
2439	1562
2439	1865
2439	2188
2439	2442
2440	977
2440	2531
2440	2534
2441	49
2441	86
2441	191
2441	547
2441	1796
2442	35
2442	86
2442	106
2442	618
2442	622
2442	1479
2442	2439
2443	622
2444	45
2444	49
2444	50
2444	57
2444	86
2444	203
2445	45
2445	49
2445	57
2445	86
2445	2444
2446	901
2446	1789
2447	2446
2448	1078
2448	1082
2449	1587
2450	1802
2451	1543
2451	1841
2451	1853
2453	718
2453	935
2453	1282
2453	1597
2453	2449
2453	2669
2454	713
2454	1788
2455	1084
2455	1198
2455	2217
2455	2219
2455	2224
2456	1608
2456	1951
2456	2547
2456	2659
2456	2888
2457	240
2457	418
2457	2375
2458	1087
2458	1097
2458	1229
2459	2460
2461	2987
2462	191
2462	1865
2462	1880
2462	2739
2463	84
2463	191
2463	671
2463	955
2463	1049
2463	1057
2463	1160
2464	191
2464	1487
2464	1883
2464	2239
2464	2463
2464	2739
2464	2880
2464	2891
2464	2987
2465	59
2465	191
2465	1865
2465	2466
2466	106
2466	1865
2466	2482
2467	1198
2468	5
2468	533
2468	538
2468	892
2468	1101
2468	1214
2468	1312
2468	1361
2468	2140
2468	2167
2468	2213
2468	2218
2468	2224
2468	2228
2468	2346
2468	2495
2468	2669
2468	2786
2468	2881
2469	2375
2470	2399
2470	2662
2470	2987
2471	2074
2472	1434
2472	2213
2472	2224
2472	2495
2473	84
2473	191
2473	204
2473	1865
2473	2262
2473	2474
2473	2636
2474	1865
2474	2636
2475	1101
2476	26
2476	100
2476	1865
2477	2874
2478	36
2478	84
2478	1865
2478	1866
2479	59
2479	1865
2480	59
2480	169
2480	191
2480	1434
2480	1865
2482	103
2482	191
2482	1742
2482	1865
2483	1057
2483	1487
2483	1874
2483	2239
2483	2463
2483	2891
2484	89
2484	2528
2485	2662
2486	2662
2487	698
2487	1802
2487	2637
2488	2489
2488	2702
2489	1294
2489	2488
2489	2702
2490	54
2490	82
2490	192
2490	1620
2490	1865
2491	1867
2492	2426
2493	660
2493	1045
2493	1098
2493	1915
2493	2094
2493	2893
2494	1745
2494	2135
2495	1361
2495	2224
2495	2332
2496	604
2496	1555
2497	574
2497	2509
2497	2510
2498	136
2499	96
2499	1479
2500	1302
2500	1409
2500	1614
2500	1729
2501	243
2501	1476
2501	2503
2502	207
2502	239
2502	2375
2504	239
2504	353
2505	1185
2505	2508
2506	929
2506	2789
2506	2888
2507	616
2507	921
2507	1427
2507	1949
2507	2414
2507	2510
2507	2924
2508	574
2508	1185
2509	616
2509	675
2509	921
2509	1348
2509	1427
2509	2414
2509	2510
2510	543
2510	616
2510	675
2510	921
2510	1427
2510	2924
2511	2515
2512	2880
2513	2514
2517	2516
2518	320
2518	708
2519	940
2519	2520
2520	940
2520	1069
2520	1075
2520	1530
2520	2519
2520	2521
2522	959
2522	1530
2522	2520
2524	1638
2524	1639
2524	2203
2524	2853
2525	1639
2525	2524
2525	2853
2526	1310
2526	1311
2526	1368
2526	1739
2527	1873
2527	1881
2527	1915
2527	2528
2528	1312
2528	1870
2528	1881
2528	1915
2528	1919
2528	2210
2528	2527
2528	2646
2529	1814
2530	977
2530	2528
2530	2531
2530	2533
2531	977
2531	2313
2531	2530
2531	2534
2532	1816
2532	1881
2532	2528
2533	957
2533	2531
2534	2313
2535	2313
2535	2529
2536	209
2536	2375
2537	251
2537	356
2537	2375
2537	2536
2538	224
2538	897
2538	1865
2539	125
2539	222
2539	2375
2539	2408
2540	1283
2540	1774
2541	753
2541	1084
2541	1240
2541	1774
2542	1305
2542	1438
2543	1102
2543	1774
2544	1808
2544	2549
2544	2551
2544	2552
2545	1185
2545	2546
2547	1185
2547	1881
2548	1185
2549	1185
2549	2552
2549	2938
2550	1808
2551	1185
2552	1185
2552	2549
2553	1697
2554	760
2554	1910
2555	2178
2556	2704
2557	1590
2557	1599
2558	1098
2559	1094
2560	88
2560	191
2561	1147
2561	1479
2562	1264
2563	1697
2563	2534
2564	2488
2564	2565
2564	2615
2564	2644
2564	2702
2565	2488
2565	2489
2565	2615
2566	2375
2567	2375
2569	480
2570	507
2570	2375
2571	903
2572	876
2572	1761
2572	2079
2574	2575
2576	631
2577	273
2577	355
2578	2580
2579	2578
2580	2121
2582	1264
2582	2153
2582	2704
2583	2153
2583	2704
2584	1274
2584	2581
2584	2699
2585	2313
2586	55
2586	109
2589	2587
2589	2588
2590	643
2591	598
2591	1830
2592	1520
2594	9
2594	1139
2594	1880
2594	2224
2595	1049
2595	1084
2595	1139
2595	1147
2595	1154
2595	1880
2595	2224
2596	1696
2597	1687
2598	2874
2599	332
2599	384
2599	421
2599	437
2599	441
2599	449
2599	460
2599	474
2599	1995
2599	2375
2600	332
2600	2375
2602	612
2602	1555
2602	1561
2603	2612
2604	605
2605	559
2606	2607
2607	1305
2607	1385
2608	445
2608	490
2609	277
2609	2375
2611	2610
2613	2979
2614	2613
2614	2979
2615	2488
2615	2644
2615	2702
2616	952
2616	979
2616	1130
2616	1223
2616	2375
2617	2272
2618	837
2619	2488
2619	2489
2619	2628
2619	2644
2619	2702
2620	1827
2620	1865
2621	1661
2622	898
2622	1761
2622	2662
2623	2621
2624	2621
2624	2622
2626	276
2626	1098
2626	1208
2627	1290
2628	2704
2629	750
2630	937
2632	2331
2632	2634
2633	2632
2633	2634
2637	677
2637	1802
2638	752
2639	576
2639	1238
2639	1871
2639	2332
2639	2529
2640	576
2640	929
2640	1234
2640	1238
2640	1443
2640	1570
2640	1871
2640	2216
2640	2529
2640	2547
2640	2639
2640	2744
2641	2731
2642	612
2642	2424
2642	2426
2643	1508
2643	1880
2643	2887
2646	1920
2647	1915
2647	1918
2647	2527
2648	2375
2649	369
2649	1911
2649	2503
2650	660
2650	751
2650	862
2650	930
2650	2651
2650	2654
2651	1920
2651	2654
2653	2652
2654	660
2654	751
2654	862
2654	930
2654	2650
2654	2651
2656	1224
2656	2167
2656	2245
2657	2287
2658	1151
2658	2233
2658	2245
2658	2657
2658	2695
2659	2888
2660	1096
2660	1097
2660	1103
2660	1142
2660	1149
2660	1159
2660	1229
2660	2134
2660	2167
2660	2245
2660	2287
2660	2695
2661	1697
2661	1745
2661	2164
2662	878
2662	879
2662	1046
2663	658
2663	878
2663	879
2663	1046
2663	2664
2663	2665
2663	2954
2663	2987
2664	658
2665	2987
2666	876
2666	2356
2667	983
2667	2356
2668	2534
2670	2669
2671	532
2671	1241
2671	1809
2671	1814
2671	2217
2671	2230
2671	2332
2671	2495
2671	2633
2671	2876
2672	1238
2673	1930
2674	381
2674	1714
2675	2676
2677	2675
2677	2676
2678	678
2679	1873
2679	1881
2680	2026
2681	1087
2681	2134
2682	1159
2682	1161
2682	2167
2682	2656
2682	2696
2684	1865
2685	2683
2686	237
2686	2375
2688	1297
2689	2691
2689	2739
2690	2689
2690	2691
2690	2739
2691	2739
2692	757
2692	939
2693	2011
2694	1475
2694	2366
2694	2958
2695	1112
2695	2167
2695	2656
2696	1112
2696	1224
2696	2287
2696	2656
2696	2695
2697	1096
2697	1159
2697	2656
2697	2695
2697	2696
2698	2154
2698	2699
2698	2700
2699	2581
2699	2700
2700	2581
2700	2699
2701	1274
2701	2581
2701	2698
2701	2699
2701	2700
2702	2706
2703	2163
2705	239
2705	2375
2708	84
2708	1602
2710	1438
2710	2284
2711	950
2712	2368
2712	2371
2712	2948
2713	1238
2713	1438
2713	1871
2713	2203
2713	2332
2713	2529
2713	2634
2714	1438
2714	1446
2715	872
2715	880
2715	1158
2715	1162
2715	1170
2715	1438
2715	1880
2715	1881
2715	2456
2715	2506
2715	2633
2715	2718
2715	2719
2715	2720
2715	2734
2715	2748
2715	2888
2716	359
2716	1029
2716	2203
2717	623
2717	1455
2717	2219
2717	2529
2717	2634
2717	2741
2717	2791
2718	898
2718	1234
2718	1662
2718	2216
2718	2734
2718	2936
2719	872
2719	1162
2719	2304
2719	2456
2719	2634
2719	2715
2719	2720
2719	2738
2719	2748
2719	2888
2720	515
2720	533
2720	538
2720	591
2720	599
2720	623
2720	1815
2720	2216
2720	2219
2720	2222
2720	2529
2720	2634
2720	2741
2720	2791
2721	2634
2722	1238
2722	1438
2722	1871
2722	2203
2722	2332
2722	2529
2722	2634
2723	2634
2724	1506
2724	2239
2725	2101
2726	1150
2726	2251
2726	2724
2727	2101
2727	2251
2727	2724
2728	1871
2728	2332
2728	2529
2729	2634
2730	1084
2730	1509
2730	2219
2730	2495
2730	2529
2730	2634
2730	2734
2730	2789
2732	886
2732	915
2733	2874
2735	2738
2735	2874
2736	1238
2736	1438
2736	1871
2736	2203
2736	2332
2736	2529
2736	2634
2737	2739
2737	2887
2738	1881
2740	2739
2741	623
2742	567
2742	929
2742	1455
2742	2224
2742	2495
2742	2529
2744	1198
2744	1510
2744	2634
2744	2739
2744	2743
2744	2861
2744	2918
2745	1608
2745	2634
2745	2744
2747	1029
2747	1438
2747	2547
2747	2634
2747	2743
2747	2936
2747	2954
2748	1234
2748	2216
2748	2718
2748	2936
2749	1238
2749	1438
2749	1871
2749	2203
2749	2332
2749	2529
2749	2634
2751	520
2751	2750
2752	681
2752	2662
2755	1956
2756	612
2757	2219
2757	2791
2758	2140
2758	2221
2758	2224
2758	2429
2758	2468
2758	2495
2759	1366
2759	1373
2760	1358
2761	1358
2761	1386
2761	2194
2762	2765
2762	2769
2764	2762
2764	2765
2764	2769
2765	2762
2765	2769
2766	2764
2766	2765
2767	2765
2767	2769
2768	216
2768	2762
2768	2763
2768	2764
2768	2765
2768	2767
2768	2769
2769	216
2769	2762
2769	2763
2769	2764
2769	2765
2769	2767
2769	2768
2770	2769
2771	45
2771	94
2771	2066
2771	2450
2772	2597
2773	642
2773	876
2773	1761
2773	2356
2774	2224
2775	2777
2776	1087
2776	1228
2776	1229
2776	2778
2777	2775
2778	1087
2778	1148
2778	1157
2778	2776
2778	2779
2779	1097
2779	2880
2780	1047
2780	1214
2781	2874
2782	1147
2782	1599
2783	1147
2783	1599
2784	2173
2785	59
2786	2789
2786	2791
2788	2787
2789	1881
2790	1377
2791	2789
2792	1584
2792	2589
2792	2790
2792	2791
2793	1361
2793	2224
2793	2228
2794	237
2795	1816
2796	1951
2798	2211
2798	2213
2798	2224
2798	2468
2798	2797
2800	1062
2800	2938
2801	891
2801	1150
2801	2938
2801	2954
2802	2954
2803	1150
2803	2801
2803	2917
2804	2047
2804	2810
2804	2912
2804	2976
2805	2804
2806	661
2806	777
2806	948
2807	2379
2808	2376
2808	2379
2808	2807
2809	1733
2811	2814
2811	2822
2812	2814
2813	2817
2815	1501
2815	2831
2816	919
2816	2817
2816	2822
2816	2830
2816	2832
2818	2833
2820	2819
2821	919
2823	679
2823	954
2823	985
2824	2163
2825	2816
2825	2817
2825	2822
2825	2827
2826	661
2826	2806
2828	746
2829	746
2829	946
2829	1021
2830	919
2830	2839
2833	2811
2834	706
2834	2833
2835	746
2836	2839
2837	919
2838	2817
2840	1134
2840	2881
2841	1087
2841	1097
2842	1084
2842	1815
2842	1881
2842	2225
2843	2917
2843	2918
2843	2924
2844	708
2844	2662
2845	600
2845	1554
2847	1554
2847	2845
2849	651
2850	642
2850	876
2850	2773
2852	1881
2852	2256
2853	1638
2853	2203
2853	2375
2854	1881
2854	2256
2854	2852
2855	1881
2855	2256
2858	1296
2858	2853
2859	2861
2860	2332
2861	2635
2862	2635
2862	2861
2863	2332
2863	2861
2864	2224
2864	2454
2865	743
2865	948
2866	1865
2867	1667
2867	2119
2867	2121
2867	2123
2867	2375
2867	2868
2868	1388
2868	2119
2868	2121
2868	2122
2868	2123
2868	2375
2869	2011
2870	2027
2870	2871
2872	2874
2873	2872
2873	2874
2873	2875
2875	2872
2875	2874
2876	2117
2876	2346
2877	1117
2877	2512
2878	1499
2878	2073
2878	2077
2879	1098
2879	2880
2880	1097
2880	1626
2881	1087
2881	1127
2881	1134
2882	5
2882	1098
2882	1198
2882	1229
2882	1231
2882	1234
2882	1881
2882	2881
2883	1101
2883	1220
2884	2587
2885	1101
2885	1198
2885	1236
2885	1240
2885	2876
2886	660
2886	1915
2886	1918
2886	2528
2887	1880
2888	2659
2889	726
2889	2117
2890	59
2890	1865
2890	2466
2891	1487
2892	2460
2893	1497
2893	2528
2896	428
2897	2249
2898	2270
2898	2313
2898	2534
2899	1870
2899	2215
2899	2224
2899	2527
2900	1842
2900	2917
2901	2924
2903	2906
2904	2902
2905	2459
2906	2903
2907	2938
2908	2917
2908	2921
2909	2055
2910	2055
2910	2909
2911	2936
2913	2914
2913	2942
2913	2943
2914	2913
2914	2942
2914	2943
2915	2917
2915	2918
2915	2924
2916	2917
2916	2918
2916	2924
2917	1841
2917	2918
2917	2924
2918	1842
2918	2917
2919	2916
2919	2917
2919	2918
2919	2924
2920	14
2920	644
2920	2917
2921	2915
2921	2916
2921	2917
2921	2923
2921	2924
2922	2011
2922	2924
2923	2916
2923	2917
2923	2918
2923	2924
2924	2917
2924	2918
2925	2924
2927	951
2928	2924
2929	2924
2929	2928
2930	2929
2931	2922
2932	2926
2933	2930
2934	2926
2935	2074
2935	2366
2936	5
2936	14
2936	1087
2936	2252
2936	2916
2936	2917
2936	2918
2936	2921
2936	2924
2937	2366
2939	2062
2940	1986
2940	2062
2940	2064
2941	2943
2942	2943
2943	2046
2945	2944
2946	2055
2947	2048
2947	2941
2947	2942
2947	2943
2948	2943
2949	2948
2950	1150
2951	1865
2951	2954
2952	770
2952	2951
2952	2955
2953	950
2953	2958
2954	924
2954	1150
2955	770
2955	2101
2956	2952
2957	530
2957	770
2957	2955
2957	2956
2958	708
2958	770
2958	771
2958	924
2958	950
2958	1475
2958	2952
2958	2955
2958	2956
2959	770
2959	2952
2959	2954
2959	2956
2959	2958
2960	770
2960	2952
2960	2954
2960	2956
2960	2958
2961	1475
2961	2958
2962	771
2962	1475
2962	2952
2962	2955
2962	2956
2963	642
2963	1761
2963	2356
2964	680
2964	2965
2964	2966
2965	2952
2965	2958
2966	680
2966	708
2966	924
2966	2958
2967	2987
2968	359
2968	1879
2969	2972
2970	1730
2971	2970
2972	2971
2973	566
2973	2848
2974	1873
2974	1881
2975	2055
2975	2976
2977	2979
2978	259
2978	2375
2978	2503
2979	2987
2980	207
2980	259
2980	317
2980	2569
2980	2978
2980	2985
2981	259
2981	509
2981	2978
2981	2983
2982	259
2982	289
2982	2569
2982	2978
2983	342
2984	207
2984	259
2984	2031
2984	2375
2985	259
2985	2031
2986	2981
2988	2055
2989	2055
2990	653
2990	742
2990	827
2991	875
2991	1070
2992	653
2992	2332
2993	200
2993	745
2993	1865
